  -0.1126355061E-012   0.1380480536E-013   0.1177986199E-009   0.1694132610E-009  -0.6670577177E-012  -0.2261316862E-012
  -0.1092139777E-012   0.2804395901E-013   0.1186648044E-009   0.1887196165E-009  -0.4346709648E-012  -0.5391435469E-012
  -0.5140698967E-013  -0.1478348986E-012   0.1185665722E-009   0.2097490425E-009  -0.5123048258E-012  -0.4424744886E-012
  -0.3562745285E-012  -0.3205203560E-012   0.1171738113E-009   0.2330417366E-009  -0.4152468889E-012  -0.6920134354E-012
  -0.3315489845E-012  -0.3776312100E-012   0.1149984707E-009   0.2573365682E-009  -0.4691608439E-012  -0.9589138095E-012
  -0.4867280948E-012  -0.1421783997E-012   0.1109221928E-009   0.2838589286E-009  -0.3393126607E-013  -0.1298288035E-011
  -0.2292146214E-012  -0.1261632552E-012   0.1057522314E-009   0.3125089146E-009   0.8243441802E-012  -0.1966375479E-011
   0.2454649178E-012  -0.2152320148E-012   0.9884040228E-010   0.3430345636E-009  -0.3055619002E-012  -0.7940957066E-012
  -0.3024911323E-012  -0.5187157594E-012   0.8970924192E-010   0.3758597428E-009   0.5655873347E-012  -0.1806638371E-011
  -0.5865101804E-012  -0.9383548695E-013   0.7732821263E-010   0.4122965175E-009   0.1970575370E-013  -0.1234802109E-011
  -0.6905507567E-012  -0.1841577824E-012   0.6335270626E-010   0.4503455430E-009  -0.7042620313E-013  -0.1459173907E-011
  -0.3833488667E-012  -0.2932879156E-013   0.4609609357E-010   0.4904386081E-009   0.4739638775E-012  -0.1555819829E-011
  -0.1138168966E-011   0.1242088153E-012   0.2462481504E-010   0.5343689002E-009   0.8483843170E-012  -0.2061480745E-011
  -0.7610755372E-012  -0.2736393176E-012  -0.2381677599E-012   0.5807599671E-009  -0.4644934789E-012  -0.1858490648E-011
  -0.1084060372E-011   0.4999010185E-012  -0.2926025812E-010   0.6298779301E-009   0.1565330650E-011  -0.2241399423E-011
  -0.1587066047E-011   0.6097612388E-012  -0.6335906215E-010   0.6812765222E-009   0.8433912441E-012  -0.2263653074E-011
  -0.1456179109E-011   0.2368216677E-012  -0.1040683578E-009   0.7382440262E-009   0.1190671175E-011  -0.2565827631E-011
  -0.8607897644E-012  -0.2012217721E-012  -0.1509748095E-009   0.7959260190E-009   0.9629943089E-012  -0.2140508035E-011
  -0.1388805508E-011   0.1779102319E-012  -0.2054529139E-009   0.8587903256E-009   0.1039307621E-011  -0.2301146222E-011
  -0.1457441451E-011  -0.5073637204E-013  -0.2685381503E-009   0.9247178695E-009  -0.1107240739E-011  -0.1651311551E-011
  -0.1639732264E-011   0.1398016983E-012  -0.3413692038E-009   0.9939033560E-009  -0.1526215502E-013  -0.1725176536E-011
   0.2870579039E-013  -0.8309390557E-012  -0.4232713502E-009   0.1066446654E-008  -0.1962708051E-011  -0.5920884692E-012
  -0.3675514903E-012  -0.1200676639E-011  -0.5187575475E-009   0.1143600469E-008  -0.4537558649E-011  -0.1761057531E-011
  -0.3727691556E-012  -0.8712337453E-012  -0.6277245406E-009   0.1223100919E-008  -0.4506755202E-011  -0.8995028947E-012
   0.2599739887E-012  -0.1694355285E-011  -0.7519270539E-009   0.1305578627E-008  -0.3387160900E-011  -0.1094063756E-011
   0.5090154518E-012  -0.8228091103E-012  -0.8926931698E-009   0.1390563439E-008  -0.3126038879E-011  -0.1778432011E-011
   0.2105054613E-011  -0.1857447712E-011  -0.1052172315E-008   0.1479017323E-008  -0.4323917127E-011  -0.6965170142E-012
  -0.1604556712E-011  -0.6826726691E-013  -0.1236364304E-008   0.1570708351E-008  -0.1852784943E-011  -0.2602429252E-012
  -0.2112566943E-011   0.3377992428E-013  -0.1445454939E-008   0.1663034116E-008  -0.9017388932E-012  -0.1852036916E-011
  -0.2182079734E-011  -0.1145634674E-011  -0.1682713218E-008   0.1755075520E-008  -0.3133014480E-011  -0.1741482895E-011
  -0.2689058194E-011  -0.6238390640E-012  -0.1952584626E-008   0.1851399716E-008  -0.1712869251E-011  -0.3635112026E-011
  -0.8643918959E-012  -0.2229217035E-011  -0.2260479408E-008   0.1946472773E-008  -0.7221101825E-011  -0.1813175626E-011
  -0.4271844984E-011  -0.5677804984E-012  -0.2610881176E-008   0.2041333803E-008   0.1904778635E-012   0.1696049423E-011
  -0.5998299949E-011   0.1342746867E-011  -0.3019811228E-008   0.2133744810E-008   0.2231276595E-011  -0.2375614177E-012
  -0.1236548366E-011   0.6275736789E-012  -0.3497561861E-008   0.2224110103E-008  -0.2567130310E-011  -0.1752503897E-011
  -0.3423766710E-011   0.2058871867E-011  -0.4046113866E-008   0.2306908452E-008  -0.3234373479E-011  -0.1911285756E-011
  -0.9450193626E-011   0.1524001850E-011  -0.4682222306E-008   0.2382233539E-008   0.8668927624E-011  -0.2049730976E-011
  -0.9064067445E-011   0.1098278005E-011  -0.5431572398E-008   0.2447257735E-008   0.4810943733E-011  -0.4696237656E-011
   0.1970136924E-011  -0.8998310190E-012  -0.6288860054E-008   0.2498696481E-008  -0.5380973022E-011  -0.3985488157E-011
   0.1176318402E-011  -0.7507670488E-012  -0.7323776526E-008   0.2531925103E-008  -0.1443296880E-010  -0.1026226030E-010
  -0.6116134305E-011  -0.2875880642E-011  -0.8571110986E-008   0.2528634391E-008  -0.1140346517E-011  -0.3403988222E-011
  -0.1086989616E-010   0.7329028685E-012  -0.1005761225E-007   0.2494723150E-008   0.1141437912E-010   0.4960593592E-011
  -0.2928817107E-010   0.5564861780E-011  -0.1186852928E-007   0.2406910489E-008   0.3888621779E-010   0.7931831385E-011
  -0.2577196062E-010   0.6079235584E-011  -0.1415459421E-007   0.2269027327E-008   0.2981898377E-010  -0.2650993498E-010
   0.8869347447E-012   0.7887731480E-011  -0.1736540094E-007   0.2094325759E-008   0.6223765573E-010  -0.4766091279E-010
   0.1637798125E-010  -0.3522404080E-011  -0.2295723754E-007   0.3152784644E-008   0.7384808517E-010   0.9287972427E-012
  -0.2868357209E-010   0.1803592510E-010  -0.3008489032E-007   0.4611587549E-008   0.5507131345E-010  -0.2304663902E-010
   0.6636617334E-011   0.5504197885E-011  -0.3976996613E-007   0.6546646585E-008   0.1687572858E-009  -0.4108087785E-010
   0.1519622602E-009  -0.2462578873E-010  -0.5257230032E-007   0.8942383091E-008   0.1205824777E-009  -0.3777217805E-010
   0.1601250605E-009  -0.3404862178E-010  -0.6980622980E-007   0.1188603239E-007   0.1383457093E-009  -0.2935092653E-010
  -0.7653705355E-011   0.8855653314E-011  -0.9324901921E-007   0.1562419376E-007  -0.3215419715E-011   0.3359714506E-011
  -0.1427275980E-009   0.1393075301E-011  -0.1254088342E-006   0.2008170672E-007   0.1033823329E-010   0.4949842597E-010
  -0.4719226476E-009  -0.4457043392E-011  -0.1688191398E-006   0.2557437482E-007   0.1223747118E-010   0.5180608811E-010
  -0.2824315213E-009   0.2960277075E-010  -0.2306141439E-006   0.3194790293E-007  -0.1418462961E-009   0.1024062721E-011
  -0.5468059111E-010  -0.9288503331E-010  -0.3175085097E-006   0.3938393335E-007   0.7582211179E-009  -0.7285563388E-010
  -0.3719685322E-009  -0.2499837900E-009  -0.4368390608E-006   0.4762071933E-007   0.4619929836E-008  -0.3765518810E-009
  -0.3873835380E-009  -0.1408915738E-009  -0.5184973224E-006   0.5210002952E-007   0.3908736285E-008  -0.3483332348E-009
  -0.2410575717E-008   0.3436172104E-010  -0.5934459258E-006   0.5557753668E-007  -0.2838009867E-008   0.2931824901E-009
   0.9094080099E-008  -0.3119406223E-009  -0.6842157964E-006   0.5724934656E-007   0.1459148914E-008  -0.3093444285E-009
   0.4459881248E-008  -0.8286101106E-010  -0.7681391152E-006   0.5689881436E-007   0.4210129528E-008  -0.3788405547E-009
  -0.2177027220E-008  -0.1178841222E-011  -0.8186985864E-006   0.5491763931E-007   0.3385160387E-008  -0.5290654183E-010
   0.2990408065E-008   0.2906818118E-010  -0.7397707471E-006   0.5042902488E-007   0.1593320035E-008  -0.1889028061E-009
   0.5636147004E-008  -0.6065322538E-011  -0.3272949961E-006   0.4219258060E-007  -0.1056577517E-007  -0.1043386936E-010
  -0.2312532225E-007   0.8295927355E-011   0.1090943522E-005   0.2854383793E-007   0.7981749418E-007  -0.5005783213E-010
   0.3013118359E-007  -0.1977570448E-009   0.4294419625E-005   0.1149257942E-007   0.9650775074E-008   0.2198858118E-009
  -0.8302696603E-008   0.4874547622E-010   0.6799269704E-005   0.1739812944E-008  -0.3191612710E-007  -0.2751582007E-009
  -0.2541247559E-007   0.1985553537E-009   0.4306703245E-005   0.1131573212E-007  -0.1116588291E-007  -0.6086248831E-009
  -0.7193410038E-008  -0.1654599061E-010   0.1088093315E-005   0.2825472136E-007   0.6174972606E-008  -0.1900571150E-009
   0.1846818411E-008   0.2671134061E-013  -0.3193935507E-006   0.4249467519E-007   0.7345684557E-008  -0.2133158642E-009
  -0.1710028372E-007   0.2479038955E-009  -0.7559498364E-006   0.5034617487E-007  -0.1062678723E-007   0.2310872204E-009
  -0.6628930154E-008   0.4007022999E-010  -0.8143132060E-006   0.5490695878E-007   0.2051787602E-008  -0.2711542563E-009
   0.5210724401E-009  -0.9377168391E-012  -0.7645307310E-006   0.5691227379E-007  -0.1642022436E-009   0.1285322089E-009
  -0.1074335680E-010   0.1450769933E-010  -0.6821990076E-006   0.5722838453E-007  -0.1445997328E-008   0.8265148492E-010
   0.1091784168E-008   0.1803522447E-010  -0.5931088083E-006   0.5546968131E-007   0.2437486309E-008  -0.1887737952E-009
   0.1717030513E-008  -0.1098583845E-009  -0.5132199312E-006   0.5178754619E-007  -0.8882877997E-009   0.1286733591E-009
   0.1579346407E-008  -0.6501724715E-010  -0.4374817413E-006   0.4746935880E-007  -0.1202164437E-008   0.2833644661E-009
  -0.9414098558E-009   0.4575527376E-010  -0.3173263880E-006   0.3924490410E-007   0.1080398721E-008  -0.2120100989E-009
  -0.1354705927E-009  -0.1677172204E-010  -0.2316201364E-006   0.3193985957E-007   0.2313345014E-009  -0.5936851971E-010
  -0.4513203902E-009   0.4749159713E-010  -0.1693956261E-006   0.2550727805E-007   0.4854952491E-009  -0.1067732391E-009
   0.2141230338E-009  -0.5252880211E-010  -0.1255996856E-006   0.2013806778E-007   0.1864598988E-009  -0.5558597058E-010
   0.1575597483E-009  -0.1988161119E-010  -0.9348398713E-007   0.1563203418E-007   0.1528899303E-010  -0.4377906410E-011
   0.2679780231E-009  -0.3103495930E-010  -0.6992313562E-007   0.1193785316E-007  -0.2036526326E-009   0.2643075852E-010
   0.1477271834E-009  -0.2708908272E-010  -0.5253701418E-007   0.8933609146E-008  -0.1792000517E-009   0.2442200145E-010
   0.1141690864E-009  -0.2111102095E-010  -0.3971543736E-007   0.6552180088E-008   0.6789668331E-010  -0.2346258471E-010
   0.1435025170E-010  -0.4863845174E-011  -0.3016316338E-007   0.4626591480E-008  -0.7427639941E-010   0.2008642874E-010
  -0.1746816495E-010  -0.4347502272E-011  -0.2305513416E-007   0.3157761210E-008  -0.1377892887E-009   0.5541606364E-010
   0.9709246026E-013   0.1996961648E-011  -0.1734847233E-007   0.2050601433E-008  -0.2240227677E-010   0.1764235537E-010
  -0.2263967883E-011   0.4761758101E-011  -0.1415982417E-007   0.2262210892E-008  -0.1614220780E-010   0.2140841243E-010
   0.3327052614E-011   0.3134017350E-011  -0.1190416456E-007   0.2407934564E-008   0.1556078585E-011   0.2125859377E-010
   0.1889993786E-012   0.4420982072E-011  -0.1007260413E-007   0.2482830699E-008   0.6684634833E-011   0.2610175714E-010
  -0.4504723885E-011   0.6396497147E-011  -0.8557872853E-008   0.2515365552E-008  -0.1287431961E-010   0.1042140921E-010
  -0.1777824520E-011   0.5577734218E-011  -0.7330151305E-008   0.2518667788E-008  -0.4349815475E-011   0.1175403126E-010
  -0.6980921059E-011   0.2378042019E-011  -0.6297781945E-008   0.2497973747E-008   0.3281804374E-011   0.7457000810E-011
  -0.4103517176E-012   0.5763512941E-012  -0.5422375500E-008   0.2445861440E-008   0.8876519296E-011   0.9577523457E-011
  -0.7367363150E-011   0.3166672337E-011  -0.4687012062E-008   0.2386853711E-008  -0.3058982469E-011   0.4089485997E-011
  -0.5155027454E-011   0.4680183110E-011  -0.4045862292E-008   0.2307631101E-008  -0.5244489679E-011   0.9269402427E-011
  -0.4186891604E-011   0.4539041954E-011  -0.3500812329E-008   0.2230064395E-008  -0.2268372963E-011   0.5528900954E-011
  -0.1805442921E-012   0.2604592117E-011  -0.3033245228E-008   0.2139411172E-008  -0.1513267130E-011   0.3838263524E-011
  -0.5534150308E-011   0.3025360114E-011  -0.2617764580E-008   0.2047892121E-008  -0.1630870385E-011   0.2608502577E-011
  -0.3411069921E-011   0.8520887674E-012  -0.2259296587E-008   0.1949174569E-008   0.1846478254E-011   0.4162219683E-011
  -0.9308614483E-012   0.1392885178E-011  -0.1952699491E-008   0.1854134269E-008  -0.3286154470E-012   0.4766222800E-011
   0.7621956646E-012   0.8002517073E-013  -0.1678014551E-008   0.1758542899E-008  -0.9022152740E-013   0.5850110906E-011
  -0.2913823274E-012   0.1470319171E-011  -0.1441614795E-008   0.1664709607E-008  -0.4606990054E-011   0.4927583676E-011
  -0.8128632644E-012   0.1276862330E-011  -0.1231476310E-008   0.1570300702E-008  -0.5857992122E-011   0.3143415019E-011
  -0.7376538727E-012   0.3715255917E-012  -0.1047465935E-008   0.1478031657E-008  -0.2082096518E-011   0.4307415538E-011
  -0.6134643251E-012  -0.8718460748E-013  -0.8877430533E-009   0.1389811294E-008  -0.2557614262E-011   0.3582934957E-011
  -0.1985317660E-011   0.1169368293E-011  -0.7431973535E-009   0.1303496370E-008  -0.2452242049E-011   0.4093178470E-011
  -0.7868159598E-012   0.1425606254E-011  -0.6226796269E-009   0.1221033258E-008  -0.3124948837E-011   0.4162260247E-011
  -0.1515818938E-011   0.2097891329E-011  -0.5169959257E-009   0.1142267218E-008  -0.5232670616E-011   0.3878393765E-011
  -0.1172383574E-011   0.1220643735E-011  -0.4222893175E-009   0.1065753868E-008  -0.3027570191E-011   0.3708490834E-011
  -0.3770990649E-012   0.7898482810E-012  -0.3399358634E-009   0.9943974194E-009  -0.1106655553E-011   0.2828882421E-011
   0.3164958387E-012   0.6958128689E-012  -0.2650475456E-009   0.9240516879E-009  -0.1830533297E-011   0.2605493187E-011
  -0.8583566554E-013   0.1755690881E-012  -0.2048661629E-009   0.8587531252E-009  -0.6334037685E-012   0.1296557172E-011
   0.2057773028E-012  -0.1362991356E-013  -0.1498187809E-009   0.7962334045E-009   0.3207165271E-012   0.1015046235E-011
   0.4531610039E-012   0.1274366258E-012  -0.1035525826E-009   0.7381664822E-009   0.1054090776E-011   0.4896955501E-012
   0.5710464380E-012   0.2038920912E-012  -0.6275779633E-010   0.6808951464E-009  -0.8147379894E-013   0.8949760666E-012
   0.4075878025E-012   0.2230467330E-012  -0.2912305826E-010   0.6292066424E-009  -0.4769887587E-012   0.8428375504E-012
   0.2790451658E-012   0.1017371892E-012   0.9152479628E-012   0.5799763591E-009  -0.5539692529E-013   0.8254105427E-012
   0.1850276413E-012   0.4118852254E-012   0.2623410868E-010   0.5327960337E-009  -0.7076211684E-012   0.7115785550E-012
   0.2929314053E-012  -0.4517915444E-013   0.4674620346E-010   0.4895459819E-009   0.6874828687E-013   0.5864548506E-012
  -0.1690971942E-012   0.4789473461E-012   0.6448870744E-010   0.4491754813E-009  -0.4277782582E-012   0.7736999312E-012
   0.1020005980E-012   0.3807530889E-012   0.7956720568E-010   0.4102419629E-009   0.5913859367E-013   0.4769005214E-012
   0.6670540520E-013   0.1755539730E-012   0.9042373902E-010   0.3750877486E-009   0.2860627674E-012   0.3427916502E-012
  -0.9961411098E-014   0.3013907828E-012   0.9973830925E-010   0.3419507654E-009  -0.2378077262E-012   0.6921050286E-012
   0.6101796052E-014   0.3802813393E-012   0.1071366263E-009   0.3110247924E-009  -0.4206659166E-012   0.8346273374E-012
  -0.2464782736E-012   0.9125988387E-013   0.1125036900E-009   0.2826776590E-009   0.5095181798E-012   0.1026016082E-012
  -0.1409665067E-012   0.4661974505E-012   0.1161784847E-009   0.2563820473E-009   0.2590445914E-013   0.2947500583E-012
  -0.2018997147E-012   0.4817755020E-012   0.1183151855E-009   0.2317515519E-009   0.2756441216E-012   0.8399185026E-014
  -0.1820103447E-012   0.4105129663E-012   0.1191520166E-009   0.2091714126E-009  -0.1067178261E-012   0.6069182077E-012
  -0.1644595456E-012   0.1801178727E-012   0.1193215263E-009   0.1879583577E-009   0.4765018896E-013   0.4728270384E-012
  -0.2688985686E-012   0.2831521763E-012   0.1189936731E-009   0.1680541042E-009   0.1636310774E-012   0.3240334632E-012
