  -0.1452231406E-013  -0.9974297789E-013   0.2038925956E-015   0.1223432829E-015  -0.9631165517E-014   0.7712892473E-013
  -0.1042690023E-013  -0.1075935998E-012   0.1206446126E-015   0.2189382646E-015  -0.1453284970E-013   0.8240098178E-013
  -0.5704002200E-014  -0.1159084697E-012   0.1184720784E-015   0.3271267882E-015  -0.2019388617E-013   0.8787597402E-013
   0.1291204831E-015  -0.1251465853E-012   0.3440755911E-015   0.2197509824E-015  -0.2646603036E-013   0.9353346318E-013
   0.6377078165E-014  -0.1343501654E-012   0.1814897599E-015   0.4488456345E-015  -0.3350202193E-013   0.9905933699E-013
   0.1357532025E-013  -0.1439561619E-012   0.1949524727E-015   0.6672460230E-015  -0.4137085434E-013   0.1048697310E-012
   0.2207977904E-013  -0.1542337417E-012  -0.1537822843E-015   0.8084858977E-015  -0.5029095798E-013   0.1106157605E-012
   0.3173205674E-013  -0.1649273669E-012  -0.1631668177E-015   0.7660683214E-015  -0.6021487220E-013   0.1164327316E-012
   0.4246964989E-013  -0.1760069025E-012  -0.9894968986E-016   0.7069697819E-015  -0.7115254682E-013   0.1221175259E-012
   0.5532446715E-013  -0.1882442675E-012  -0.1047890281E-015   0.7674063627E-015  -0.8372648021E-013   0.1277574199E-012
   0.6955529220E-013  -0.2004309829E-012   0.9999405363E-017   0.8656618229E-015  -0.9733757055E-013   0.1331520718E-012
   0.8486935131E-013  -0.2126322233E-012  -0.5111230346E-015   0.8372288201E-015  -0.1123346425E-012   0.1382457653E-012
   0.1032065404E-012  -0.2258012464E-012  -0.4477765730E-015   0.1127466519E-014  -0.1293686558E-012   0.1430711045E-012
   0.1235594347E-012  -0.2391688803E-012  -0.2733985154E-015   0.1285019631E-014  -0.1477556285E-012   0.1471983589E-012
   0.1463684595E-012  -0.2531567650E-012  -0.9437735925E-015   0.1269212205E-014  -0.1675141337E-012   0.1507610586E-012
   0.1712198394E-012  -0.2668072343E-012  -0.7786051355E-015   0.1781191181E-014  -0.1897734765E-012   0.1534256957E-012
   0.2006143648E-012  -0.2813680282E-012  -0.6863856892E-015   0.1665287853E-014  -0.2139212579E-012   0.1554316633E-012
   0.2310971492E-012  -0.2950327415E-012  -0.5684821809E-015   0.1274752794E-014  -0.2407398752E-012   0.1565008730E-012
   0.2679505761E-012  -0.3094096514E-012  -0.6003307931E-015   0.1939054528E-014  -0.2701135233E-012   0.1557647453E-012
   0.3084232142E-012  -0.3236312963E-012  -0.2303849701E-015   0.1948208057E-014  -0.3023552825E-012   0.1536987588E-012
   0.3533977021E-012  -0.3373373931E-012  -0.3175000787E-015   0.2019617479E-014  -0.3371193569E-012   0.1498514192E-012
   0.4035943868E-012  -0.3496306326E-012   0.4513144104E-015   0.1301567654E-014  -0.3748968506E-012   0.1436933187E-012
   0.4597460416E-012  -0.3616026748E-012   0.9808643734E-015   0.2380501621E-014  -0.4170582066E-012   0.1359927894E-012
   0.5220233828E-012  -0.3715736559E-012   0.4047823613E-015   0.1876785724E-014  -0.4630852473E-012   0.1242804434E-012
   0.5903059917E-012  -0.3789369501E-012   0.1166501565E-014   0.1237984729E-014  -0.5143612651E-012   0.1103202557E-012
   0.6666189419E-012  -0.3836123618E-012  -0.4146657780E-015   0.2069089953E-014  -0.5698924626E-012   0.9169747794E-013
   0.7543312431E-012  -0.3858595586E-012   0.1230659804E-014   0.8386397284E-015  -0.6308369258E-012   0.6896163637E-013
   0.8528062384E-012  -0.3811984575E-012  -0.9692343584E-015   0.1275100878E-014  -0.6984363284E-012   0.4094668284E-013
   0.9608801650E-012  -0.3707376868E-012  -0.2022121187E-014   0.2795642237E-014  -0.7739223707E-012   0.6633589685E-014
   0.1079302922E-011  -0.3537620590E-012  -0.3981088847E-015   0.2554224016E-014  -0.8568541211E-012  -0.3380740219E-013
   0.1212649588E-011  -0.3250611906E-012  -0.2456309600E-014   0.4094551550E-014  -0.9506416423E-012  -0.8104186329E-013
   0.1362776006E-011  -0.2844446269E-012   0.1730048310E-014   0.2835844936E-014  -0.1054670293E-011  -0.1380587631E-012
   0.1529539459E-011  -0.2268404332E-012  -0.1525917030E-014  -0.9527565133E-015  -0.1173640941E-011  -0.2026744842E-012
   0.1716820203E-011  -0.1476153382E-012  -0.4913136630E-014  -0.2513264540E-016  -0.1310156512E-011  -0.2818964459E-012
   0.1926996046E-011  -0.4254656267E-013   0.3916966029E-014   0.2563502457E-015  -0.1468383477E-011  -0.3712027775E-012
   0.2157502131E-011   0.9644312022E-013   0.1828265826E-014   0.3875537836E-016  -0.1654589171E-011  -0.4779201174E-012
   0.2400892293E-011   0.2872403170E-012  -0.2958747549E-014   0.5128370988E-015  -0.1874951666E-011  -0.6019195339E-012
   0.2665892137E-011   0.5393052777E-012  -0.1575307126E-014   0.1566643366E-014  -0.2140518449E-011  -0.7462473855E-012
   0.2910735384E-011   0.8797801479E-012   0.1598429649E-013   0.4677277203E-014  -0.2462900014E-011  -0.9153601835E-012
   0.3145475042E-011   0.1346914309E-011   0.1599307169E-013   0.2524528486E-014  -0.2861187676E-011  -0.1113563267E-011
   0.3296192899E-011   0.1995630386E-011   0.5141118557E-014   0.4900773013E-014  -0.3382877940E-011  -0.1372234571E-011
   0.3287225859E-011   0.2885033344E-011   0.9394108126E-014  -0.2522235116E-014  -0.4068710208E-011  -0.1677657442E-011
   0.2824357229E-011   0.4221274987E-011  -0.2744538724E-013  -0.5762446817E-014  -0.5005933468E-011  -0.2066387349E-011
   0.1179290057E-011   0.6466700656E-011  -0.4031059406E-013   0.1359925963E-013  -0.6520945894E-011  -0.2553178000E-011
  -0.5541973301E-011   0.1304516256E-010   0.2442228458E-012   0.1269562296E-013  -0.1406489288E-010  -0.1306995921E-011
   0.2540936329E-011   0.1118278516E-010  -0.1136289995E-012   0.3680074077E-013  -0.2193728975E-010   0.2933067861E-011
   0.7152207289E-011   0.1169970269E-010  -0.4498182105E-013  -0.3091933339E-013  -0.2885929575E-010   0.4440512045E-011
   0.1400838698E-010   0.1262800936E-010  -0.2509602098E-013   0.3151925912E-014  -0.3815096536E-010   0.6086036002E-011
   0.2480697198E-010   0.1357613761E-010   0.2901064212E-013   0.7831005681E-013  -0.5074734622E-010   0.7901395535E-011
   0.4205354736E-010   0.1430620372E-010  -0.1297623444E-012   0.1244154451E-012  -0.6773320823E-010   0.1008561135E-010
   0.7151727674E-010   0.1447603033E-010  -0.2508891461E-012  -0.2077280523E-013  -0.9071037628E-010   0.1256743793E-010
   0.1220344592E-009   0.1368072862E-010  -0.2960087911E-012  -0.1820385971E-012  -0.1199355456E-009   0.1497360993E-010
   0.2075577641E-009   0.1117341201E-010  -0.1929820230E-011   0.3169000409E-013  -0.1530609493E-009   0.1699247818E-010
   0.3660162973E-009   0.5233888336E-011   0.4153550138E-012  -0.1965891752E-012  -0.1933926335E-009   0.1846588326E-010
   0.6567378107E-009  -0.5230959112E-011  -0.6868980076E-011   0.6445261215E-012  -0.2325098018E-009   0.1887497477E-010
   0.1275904829E-008  -0.2979474229E-010  -0.2712631474E-010   0.1855026293E-011  -0.2370928729E-009   0.1753619362E-010
   0.1893713230E-008  -0.5514546795E-010  -0.2068379718E-010   0.1556242284E-011  -0.2125330039E-009   0.1703979377E-010
   0.3192489218E-008  -0.1248411179E-009  -0.4338833537E-010   0.1554074202E-011   0.3792122196E-009  -0.1814802228E-010
   0.3955248737E-008  -0.1127255523E-009   0.4694627115E-010  -0.2993742757E-012   0.1453461065E-008  -0.8366464434E-010
   0.5547895706E-008  -0.1181037825E-009   0.1058136003E-009  -0.8142744089E-012   0.2682492007E-008  -0.1177506671E-009
   0.8058050405E-008  -0.1310539188E-009  -0.4849399466E-010   0.5881821513E-013   0.5325334530E-008  -0.1629582659E-009
   0.1144427172E-007  -0.1431751814E-009   0.1971921296E-009  -0.9692743020E-012   0.1082374745E-007  -0.2226011806E-009
   0.1608159924E-007  -0.1505429219E-009   0.3683076993E-009  -0.1471050583E-011   0.2309399114E-007  -0.2997842982E-009
   0.1191393705E-007  -0.1127196218E-009  -0.2800408737E-008   0.7014954560E-011   0.4850915995E-007  -0.3757930784E-009
  -0.2639746616E-007   0.6451217801E-011  -0.8267386563E-009   0.1890754228E-011   0.7168975890E-007  -0.3419234870E-009
  -0.7777421960E-007   0.1207321386E-009  -0.2845086038E-009   0.2570518905E-011   0.1787355133E-008  -0.1433534507E-011
  -0.2703569464E-007   0.7358688100E-011  -0.3336454371E-008   0.9660583821E-011  -0.7016653407E-007   0.3374643502E-009
   0.1093055594E-007  -0.1072156270E-009  -0.3031964119E-009   0.1238978984E-011  -0.4818370804E-007   0.3753663349E-009
   0.1530099316E-007  -0.1472040597E-009  -0.5799905418E-010   0.5559252400E-012  -0.2363910115E-007   0.3018391273E-009
   0.1203367725E-007  -0.1462305858E-009   0.1268821185E-009  -0.2062583768E-012  -0.1086276253E-007   0.2227812668E-009
   0.7946950662E-008  -0.1300304578E-009  -0.1235459878E-009   0.8245924942E-012  -0.5253689925E-008   0.1625105541E-009
   0.5466565297E-008  -0.1174091269E-009  -0.3064899230E-011   0.9520299623E-012  -0.2757629930E-008   0.1185483282E-009
   0.3960588854E-008  -0.1126777434E-009   0.5007152095E-011   0.5280986729E-012  -0.1475399513E-008   0.8340380998E-010
   0.3210912180E-008  -0.1255340976E-009   0.7301883298E-011  -0.3936143567E-012  -0.3925964151E-009   0.1868023881E-010
   0.1861343927E-008  -0.5331105945E-010  -0.3594921847E-011   0.4468254865E-012   0.2060063085E-009  -0.1652909834E-010
   0.1263184888E-008  -0.2890682365E-010   0.5371612852E-011   0.5834616212E-012   0.2566443741E-009  -0.1816167863E-010
   0.6560557986E-009  -0.5069937708E-011  -0.2554580574E-011  -0.3548541443E-012   0.2393237672E-009  -0.1899267528E-010
   0.3675776027E-009   0.5640972910E-011  -0.1112735391E-011  -0.4502824513E-013   0.1951386698E-009  -0.1865360990E-010
   0.2079310791E-009   0.1113969824E-010   0.4839058113E-012  -0.3245444398E-012   0.1546204060E-009  -0.1699895822E-010
   0.1213244754E-009   0.1377631821E-010  -0.1827652016E-012   0.7571349395E-014   0.1193914618E-009  -0.1495986598E-010
   0.7165554941E-010   0.1450181429E-010  -0.1257678778E-012  -0.3093426763E-013   0.9024563825E-010  -0.1249830178E-010
   0.4173518273E-010   0.1438368801E-010  -0.2820968315E-012   0.1133870884E-012   0.6786658068E-010  -0.1012138446E-010
   0.2430097951E-010   0.1362464183E-010  -0.2875510894E-012   0.7553919012E-013   0.5085923935E-010  -0.7980185427E-011
   0.1353459986E-010   0.1267927734E-010   0.2269338147E-013  -0.2277056010E-013   0.3811559245E-010  -0.6034010837E-011
   0.7010583952E-011   0.1175663463E-010  -0.8896341874E-013   0.3310993765E-013   0.2880530316E-010  -0.4433447692E-011
   0.2521633157E-011   0.1121610152E-010  -0.1446098408E-012   0.6607639484E-013   0.2188004401E-010  -0.2910362209E-011
  -0.5588577644E-011   0.1287541097E-010   0.4749510167E-013   0.4253032443E-013   0.1432853869E-010   0.1172783110E-011
   0.1223092985E-011   0.6432850777E-011  -0.5304703129E-013   0.3427223805E-013   0.6493041560E-011   0.2565117542E-011
   0.2808554536E-011   0.4267597412E-011  -0.1722905044E-013   0.2703038084E-013   0.4994256923E-011   0.2067054951E-011
   0.3272115241E-011   0.2913769790E-011  -0.9644412198E-014   0.1576889201E-013   0.4050946398E-011   0.1689319722E-011
   0.3311040041E-011   0.1989217315E-011  -0.1377638682E-013   0.1750689172E-014   0.3364640028E-011   0.1381412476E-011
   0.3152780590E-011   0.1356065766E-011  -0.8156393089E-014   0.7057667297E-014   0.2860868536E-011   0.1133278455E-011
   0.2922154838E-011   0.8903182987E-012  -0.2730484193E-014   0.4801339767E-014   0.2459882246E-011   0.9212330603E-012
   0.2652158612E-011   0.5481859669E-012   0.3051971799E-014   0.8027283898E-014   0.2136970350E-011   0.7543223128E-012
   0.2394381612E-011   0.2974864870E-012  -0.8035333188E-014   0.3496352340E-014   0.1873363482E-011   0.6052708434E-012
   0.2142740399E-011   0.1021617597E-012  -0.1109932050E-013   0.2879144574E-014   0.1652228775E-011   0.4826204571E-012
   0.1924191685E-011  -0.3931082703E-013  -0.9553416876E-014   0.2034809435E-014   0.1465199862E-011   0.3734238475E-012
   0.1718484519E-011  -0.1444401434E-012  -0.3228470140E-014   0.5516097038E-015   0.1309982992E-011   0.2843643201E-012
   0.1528339711E-011  -0.2197448427E-012  -0.3310072702E-014  -0.5006241308E-015   0.1169361645E-011   0.2038857575E-012
   0.1359473556E-011  -0.2804671660E-012  -0.1692426176E-014   0.2021369424E-014   0.1050281712E-011   0.1391153730E-012
   0.1211561887E-011  -0.3189369787E-012  -0.3576858093E-014  -0.2074667179E-015   0.9475550601E-012   0.8378905377E-013
   0.1077024897E-011  -0.3454248944E-012  -0.1979590167E-014   0.4013996043E-015   0.8536287121E-012   0.3538392149E-013
   0.9568565492E-012  -0.3632830017E-012  -0.3552318528E-014  -0.4683983062E-015   0.7711670549E-012  -0.5280467927E-014
   0.8465195606E-012  -0.3736522557E-012  -0.2857666338E-014  -0.1900279049E-014   0.6962147340E-012  -0.3869720957E-013
   0.7485015403E-012  -0.3781017866E-012  -0.1599044124E-014  -0.1277755932E-014   0.6290166306E-012  -0.6656871155E-013
   0.6621195041E-012  -0.3774256663E-012  -0.8346007165E-015  -0.2016343356E-014   0.5680755650E-012  -0.8978781111E-013
   0.5837897505E-012  -0.3723864601E-012  -0.1761207025E-014  -0.6237658017E-015   0.5114258205E-012  -0.1079749189E-012
   0.5152882459E-012  -0.3657496122E-012  -0.1708044222E-014  -0.8931705857E-015   0.4613716217E-012  -0.1229493850E-012
   0.4546370633E-012  -0.3565100880E-012  -0.1980652860E-014  -0.1155031735E-014   0.4162744964E-012  -0.1343314084E-012
   0.3988203559E-012  -0.3456162282E-012  -0.7144995814E-015  -0.7795472530E-015   0.3743661241E-012  -0.1429637436E-012
   0.3509182693E-012  -0.3339439061E-012  -0.9823057301E-016  -0.1029410392E-014   0.3358442194E-012  -0.1488436301E-012
   0.3056522260E-012  -0.3206322963E-012  -0.5804312070E-016  -0.1267972740E-014   0.3000178702E-012  -0.1524215025E-012
   0.2666354158E-012  -0.3073209046E-012   0.1180394424E-015  -0.1808694152E-014   0.2685627864E-012  -0.1548822696E-012
   0.2310156785E-012  -0.2936611778E-012   0.6228872780E-015  -0.1417917638E-014   0.2393378298E-012  -0.1552705014E-012
   0.2002348900E-012  -0.2799087638E-012   0.2468891149E-015  -0.1140838754E-014   0.2127867609E-012  -0.1543831611E-012
   0.1705447009E-012  -0.2654147167E-012   0.1884320796E-015  -0.1230755578E-014   0.1887739829E-012  -0.1524786216E-012
   0.1458013434E-012  -0.2521083372E-012  -0.1717743230E-015  -0.1406045901E-014   0.1668143568E-012  -0.1496981020E-012
   0.1235929838E-012  -0.2386857188E-012  -0.4176608405E-016  -0.1189232237E-014   0.1466706295E-012  -0.1459044674E-012
   0.1033008337E-012  -0.2253249334E-012  -0.2157210803E-015  -0.1135669061E-014   0.1281292973E-012  -0.1415988953E-012
   0.8537478007E-013  -0.2126823903E-012  -0.5790980136E-016  -0.1150082477E-014   0.1117985052E-012  -0.1369975608E-012
   0.7001301658E-013  -0.2004659249E-012  -0.1914538886E-015  -0.8226193383E-015   0.9681056642E-013  -0.1318256744E-012
   0.5547626012E-013  -0.1877928356E-012  -0.1434661416E-015  -0.7458808698E-015   0.8319435405E-013  -0.1264922479E-012
   0.4294549343E-013  -0.1759992039E-012  -0.1524620392E-015  -0.7568916927E-015   0.7122292049E-013  -0.1210140693E-012
   0.3218863902E-013  -0.1649465950E-012  -0.2814270288E-015  -0.6589082158E-015   0.6011880503E-013  -0.1153373381E-012
   0.2241603030E-013  -0.1539323643E-012  -0.3081737510E-015  -0.4816500712E-015   0.5027598606E-013  -0.1096777203E-012
   0.1404987638E-013  -0.1436607749E-012  -0.1113028360E-015  -0.6396165424E-015   0.4135307920E-013  -0.1039996844E-012
   0.6831318886E-014  -0.1341393903E-012  -0.1693352051E-015  -0.5109994630E-015   0.3343861928E-013  -0.9839466580E-013
   0.4245235489E-016  -0.1247556224E-012  -0.2196321064E-015  -0.3553907165E-015   0.2641096220E-013  -0.9279708501E-013
  -0.5478828769E-014  -0.1159295566E-012  -0.2725588406E-015  -0.2555792571E-015   0.2025462170E-013  -0.8729410060E-013
  -0.1012788484E-013  -0.1075768977E-012  -0.1742665827E-015  -0.2180948900E-015   0.1469553523E-013  -0.8190460214E-013
  -0.1425747920E-013  -0.9961836884E-013  -0.8430289734E-016  -0.1589078485E-015   0.9714634962E-014  -0.7661745844E-013
