  -0.7154229352E-013  -0.6775204539E-013   0.1139218683E-009   0.1489530982E-009  -0.1060073235E-012   0.2013006121E-012
  -0.9424583622E-013  -0.8398252159E-013   0.1152977987E-009   0.1666019863E-009  -0.1024353867E-012   0.1513673395E-012
  -0.1070723772E-012  -0.1061968730E-012   0.1158968435E-009   0.1858203357E-009  -0.1444448328E-012   0.1920393048E-012
  -0.1257741872E-012  -0.1394800862E-012   0.1156137924E-009   0.2069311314E-009  -0.1203856700E-012   0.7594052531E-013
  -0.1505772069E-012  -0.1146097138E-012   0.1142564174E-009   0.2296490633E-009  -0.1968213784E-012   0.5130360813E-013
  -0.1883290479E-012   0.8326961722E-013   0.1117448208E-009   0.2536669220E-009  -0.2093841086E-012   0.3549331070E-014
  -0.2307427634E-012   0.1762826113E-012   0.1077377753E-009   0.2802416943E-009  -0.1408304967E-012  -0.1854083185E-012
  -0.3122410715E-012   0.3559259787E-012   0.1021616672E-009   0.3085558055E-009  -0.2663401110E-012   0.7669749026E-013
  -0.2875580025E-012   0.8607728963E-013   0.9462039622E-010   0.3391975601E-009  -0.1442239911E-012  -0.3224331184E-012
  -0.3390049017E-012   0.1228882659E-012   0.8473172289E-010   0.3727729541E-009  -0.1884781162E-012  -0.4454765026E-012
  -0.3718908804E-012   0.1863868145E-012   0.7262859604E-010   0.4079555120E-009  -0.3471577322E-012  -0.3006581330E-012
  -0.4987828699E-012   0.9777676552E-013   0.5774210553E-010   0.4453552110E-009  -0.1424827798E-012  -0.6123479116E-012
  -0.5218621765E-012   0.3280823400E-012   0.3942659799E-010   0.4859374646E-009  -0.1678239590E-012  -0.7561248755E-012
  -0.5091877775E-012   0.2531086472E-012   0.1750038160E-010   0.5290134848E-009  -0.3347790939E-012  -0.9051366195E-012
  -0.8583695768E-012   0.3455536732E-012  -0.8630234624E-011   0.5752848126E-009  -0.2097292402E-012  -0.5541995265E-012
  -0.7798906306E-012   0.3565346660E-012  -0.3897913948E-010   0.6234603702E-009  -0.3180372290E-012  -0.7637288191E-012
  -0.1000679464E-011   0.4916733102E-012  -0.7574749757E-010   0.6765743096E-009  -0.1736276503E-012  -0.8033376907E-012
  -0.8378055641E-012  -0.1103365345E-012  -0.1166871100E-009   0.7303441069E-009   0.4441454483E-013  -0.8038023846E-012
  -0.8421072068E-012   0.2863104578E-012  -0.1657358629E-009   0.7890154351E-009  -0.1679314321E-012  -0.1007548272E-011
  -0.8945320399E-012   0.7835010652E-013  -0.2224277581E-009   0.8507238366E-009  -0.3974614530E-012  -0.8683284960E-012
  -0.1217920574E-011   0.3096564720E-012  -0.2874639602E-009   0.9155030405E-009  -0.4395440970E-012  -0.8102246250E-012
  -0.5241227648E-012  -0.8084579674E-012  -0.3613934742E-009   0.9827197792E-009  -0.5881221112E-012  -0.2073206053E-012
   0.2186641129E-012  -0.1065424673E-011  -0.4468764845E-009   0.1054328809E-008  -0.8248506865E-012  -0.7944641674E-012
  -0.9694122791E-012  -0.3271498634E-012  -0.5447611292E-009   0.1128469635E-008  -0.8589378509E-012  -0.5089518991E-012
  -0.1153251843E-012  -0.1345491213E-011  -0.6545480889E-009   0.1204672639E-008   0.2172874659E-012  -0.8398016742E-012
  -0.6135698956E-012  -0.5474804512E-012  -0.7816756563E-009   0.1284414655E-008   0.1526498054E-012  -0.1265730932E-011
   0.8397582552E-012  -0.2032809576E-011  -0.9262323960E-009   0.1366996105E-008   0.6398026671E-012  -0.7874055319E-012
  -0.1329641258E-011  -0.7759566427E-012  -0.1093193591E-008   0.1452161477E-008  -0.6404788009E-012  -0.1647806718E-012
  -0.4744319515E-012  -0.7342013900E-012  -0.1281691367E-008   0.1538215286E-008   0.5187696311E-012  -0.9118778980E-012
   0.2213390792E-012  -0.1996247262E-011  -0.1494804392E-008   0.1625117441E-008   0.5690909311E-012  -0.5587483104E-012
   0.1087050680E-011  -0.1375440776E-011  -0.1743499076E-008   0.1714348800E-008   0.1011972864E-011  -0.1625168670E-011
   0.1452048767E-011  -0.2865372308E-011  -0.2025515807E-008   0.1803036044E-008  -0.1045734960E-011   0.6033350429E-012
  -0.2745480080E-012  -0.2444399083E-011  -0.2347173955E-008   0.1890274549E-008   0.2904406892E-012   0.2267907518E-011
  -0.4004405331E-011  -0.1020562964E-011  -0.2719149934E-008   0.1975735590E-008  -0.1909437879E-011   0.9985893569E-012
   0.2043521689E-011  -0.3260553358E-011  -0.3153783752E-008   0.2058371570E-008   0.1718772596E-012   0.2311351692E-011
  -0.5412947809E-012  -0.2461053504E-011  -0.3645790055E-008   0.2133265842E-008  -0.1323144799E-011   0.2467840278E-011
  -0.3677570896E-011  -0.4341177921E-012  -0.4218111475E-008   0.2199952200E-008   0.3072224056E-011   0.1094259868E-011
  -0.4077508044E-011  -0.8878337692E-012  -0.4890128297E-008   0.2256641068E-008   0.2774549363E-011   0.2845531343E-012
   0.5712070595E-011  -0.5398214107E-011  -0.5672744678E-008   0.2297288143E-008  -0.1643934563E-011   0.5246127176E-011
   0.5382551510E-011  -0.7523471335E-011  -0.6604885064E-008   0.2315282359E-008  -0.4681514319E-011   0.4069880918E-011
   0.9104346387E-011  -0.6286179795E-011  -0.7712626496E-008   0.2314528492E-008  -0.1012497924E-010   0.6147205811E-011
   0.1042331666E-010  -0.5586785819E-011  -0.9048651976E-008   0.2275168617E-008  -0.5276857393E-011   0.9380463933E-011
  -0.1442413515E-010  -0.8568255548E-012  -0.1064915973E-007   0.2172836169E-008   0.2253116927E-011   0.6774486418E-011
  -0.1894523109E-011  -0.6667830989E-011  -0.1263829797E-007   0.2007955790E-008  -0.1052059453E-011  -0.9589872813E-012
   0.1834668472E-010  -0.8875808739E-011  -0.1537983156E-007   0.1792428338E-008   0.1965140194E-010  -0.1177960863E-010
  -0.1343103594E-010   0.8692497451E-011  -0.2063750944E-007   0.2872915975E-008   0.2898446486E-010   0.3017201793E-011
  -0.4733389764E-010   0.3013248932E-011  -0.2746180682E-007   0.4343559527E-008   0.3037645739E-010  -0.2936245262E-011
  -0.3066707022E-010   0.3015456540E-011  -0.3688365352E-007   0.6307959208E-008   0.7640534999E-010  -0.3770128090E-011
   0.1347238491E-009  -0.1786633900E-010  -0.4944984744E-007   0.8764641624E-008  -0.1238299761E-010   0.1844496057E-010
   0.7153614917E-010  -0.4710165681E-011  -0.6654661717E-007   0.1181896672E-007   0.2050657905E-010   0.2371356595E-011
  -0.2290848814E-009   0.3719688161E-010  -0.9008468438E-007   0.1563583510E-007  -0.4121558045E-010   0.8888124283E-011
  -0.3311031432E-009   0.4536103553E-010  -0.1228908761E-006   0.2032562872E-007  -0.1837601880E-010   0.8237340808E-011
  -0.4311512823E-009   0.5258768790E-010  -0.1680050107E-006   0.2592188430E-007  -0.2514303686E-010  -0.7555353415E-011
  -0.5703531939E-009   0.5883907254E-010  -0.2320158391E-006   0.3263676938E-007  -0.1289455243E-009   0.2166111074E-010
  -0.2242768746E-009   0.2086313406E-010  -0.3241181243E-006   0.4044677265E-007   0.6676153397E-010  -0.6800851032E-010
  -0.8507238092E-009   0.5046022738E-010  -0.4549604304E-006   0.4922006977E-007   0.1751313342E-008  -0.1758724037E-009
   0.1636003600E-008  -0.9312234440E-010  -0.5425626124E-006   0.5403563626E-007   0.2309289395E-008  -0.2051559917E-009
  -0.4680176698E-008   0.2395428482E-009  -0.6266047851E-006   0.5780669345E-007  -0.2094031176E-008   0.1644484498E-009
   0.7903236674E-008  -0.2637697260E-009  -0.7244336017E-006   0.5952977922E-007  -0.7010595869E-009  -0.1197530400E-009
   0.5131738777E-008  -0.1172218063E-009  -0.8191013357E-006   0.5934470783E-007   0.2704840556E-008  -0.1207421854E-009
  -0.2120228541E-008   0.5967183685E-010  -0.8879872204E-006   0.5728114717E-007  -0.7845124464E-009   0.2388652095E-010
   0.1269044987E-007  -0.1823478750E-009  -0.8163061418E-006   0.5210954404E-007   0.8300777593E-008  -0.2556474640E-009
   0.1347196148E-007  -0.2680308231E-009  -0.4060419151E-006   0.4344444785E-007  -0.1780378553E-008  -0.6014669296E-010
  -0.2706058744E-007   0.4151973605E-009   0.1035670960E-005   0.2882313291E-007   0.8608015276E-008   0.1631850081E-009
  -0.3066267240E-008  -0.2562288528E-010   0.4477172955E-005   0.9356360896E-008   0.1453275124E-007   0.1242706968E-009
  -0.1015487023E-007  -0.5137963420E-010   0.7168759625E-005  -0.1411260964E-008  -0.1657065210E-007  -0.8049421227E-010
   0.7469058149E-008  -0.1283247499E-009   0.4464489679E-005   0.9343322117E-008  -0.2867504497E-009  -0.2755294430E-009
   0.5582152604E-008   0.3032864983E-010   0.1100029071E-005   0.2845791942E-007   0.5255723024E-008  -0.7721828483E-010
  -0.6394886900E-008   0.2684329148E-010  -0.4059712020E-006   0.4356447967E-007   0.2478861351E-008  -0.6523555450E-010
  -0.8885269827E-009  -0.1221426135E-009  -0.8424866018E-006   0.5251137050E-007  -0.6169199639E-008  -0.2561722637E-010
  -0.1268143605E-007   0.2660086195E-009  -0.8863692741E-006   0.5723383443E-007   0.6579769464E-009  -0.1326096133E-009
   0.3906270726E-008  -0.1202449763E-009  -0.8217940946E-006   0.5937436681E-007  -0.2856429040E-008   0.2124346842E-009
  -0.1276551094E-008   0.8198770168E-010  -0.7287978276E-006   0.5969313025E-007   0.7324861502E-009  -0.3306467959E-010
  -0.4376184587E-009   0.4688168784E-010  -0.6316675166E-006   0.5798016340E-007   0.2961084891E-008  -0.2210305257E-009
   0.1157226421E-008  -0.3669189484E-010  -0.5434575369E-006   0.5397882487E-007   0.6975533098E-009  -0.1958417460E-010
   0.2146565507E-008  -0.1322801816E-009  -0.4554680182E-006   0.4916185036E-007  -0.1658069338E-009   0.9223850662E-010
  -0.1350142364E-008   0.8074015735E-010  -0.3248033085E-006   0.4041805886E-007   0.4954002882E-009  -0.8144832313E-010
  -0.4545870136E-010   0.1047501254E-011  -0.2330022363E-006   0.3265890141E-007  -0.8647347935E-010   0.3890457302E-011
  -0.2162568088E-009   0.1021694313E-010  -0.1679706780E-006   0.2587767406E-007   0.5754157003E-009  -0.8143615401E-010
  -0.1394685576E-009   0.3564966602E-011  -0.1227062903E-006   0.2026804755E-007   0.3029889270E-009  -0.1204418868E-010
  -0.9759775925E-010  -0.1661510128E-011  -0.9022248820E-007   0.1561762846E-007  -0.1584318599E-011   0.6167549351E-011
   0.2788387500E-010  -0.3388735306E-011  -0.6637257520E-007   0.1177929864E-007  -0.9711826089E-010   0.1842212880E-010
  -0.1136003333E-010   0.5361963295E-011  -0.4935947588E-007   0.8727187768E-008  -0.4816931904E-010   0.1084125667E-011
  -0.1128822557E-010  -0.1019822040E-010  -0.3668587212E-007   0.6247919642E-008   0.2084847792E-010  -0.7107001943E-011
   0.5606292396E-011  -0.1229987741E-011  -0.2748841309E-007   0.4323539064E-008  -0.4216033079E-010   0.1524255826E-010
   0.8500845844E-011   0.5901696574E-011  -0.2070232900E-007   0.2863462271E-008  -0.5495378417E-010   0.1914417609E-010
   0.2133944419E-010  -0.6108566753E-011  -0.1533893758E-007   0.1773535806E-008  -0.3010828766E-011   0.1694493764E-011
   0.2198351458E-010  -0.8153210445E-011  -0.1262616005E-007   0.1995321973E-008   0.1819277110E-011   0.4331010818E-011
   0.6461898814E-011  -0.5453728211E-011  -0.1066001787E-007   0.2158427020E-008   0.3275695325E-011  -0.6459999963E-012
   0.1078436190E-010  -0.2619583164E-011  -0.9039777134E-008   0.2258191429E-008  -0.5509756851E-011   0.3724054750E-011
  -0.1259908803E-011  -0.1556943760E-011  -0.7699881495E-008   0.2302392062E-008  -0.8252474452E-011   0.3450515219E-011
   0.3392206616E-011   0.2884180661E-014  -0.6606245011E-008   0.2309903277E-008  -0.1009477218E-010   0.4477178332E-011
   0.3609075506E-011  -0.2047053821E-011  -0.5681905542E-008   0.2292087217E-008  -0.3465225079E-011   0.4416041693E-012
   0.8252316596E-011  -0.3680236857E-011  -0.4887406001E-008   0.2249983508E-008   0.1626938340E-013  -0.4662768452E-012
  -0.4905182151E-012  -0.8277509398E-012  -0.4225634532E-008   0.2194763621E-008  -0.2357441944E-011  -0.5723862642E-014
  -0.2592239663E-011   0.1094648111E-011  -0.3638929744E-008   0.2125944977E-008  -0.6274858063E-011   0.3747398227E-011
  -0.3491528330E-011   0.1237034485E-011  -0.3145297388E-008   0.2052075008E-008  -0.1451159281E-011   0.2044061876E-011
   0.1607251765E-011  -0.8410564477E-012  -0.2721275032E-008   0.1972567464E-008  -0.6542571615E-012  -0.3115245310E-012
  -0.1974291427E-011   0.3176405020E-012  -0.2352263233E-008   0.1886454540E-008  -0.1005761106E-011  -0.7494334562E-013
  -0.1302796669E-011   0.4513491867E-013  -0.2023017741E-008   0.1797837888E-008   0.1257219186E-011   0.2633753170E-013
  -0.1787002441E-011   0.1063793201E-011  -0.1741184875E-008   0.1709961234E-008   0.7743276833E-012   0.7017842035E-012
   0.8219306766E-012   0.5771940756E-012  -0.1495622721E-008   0.1621502165E-008  -0.6798239506E-012   0.1497078984E-011
  -0.1063285128E-011   0.1361496719E-011  -0.1278964792E-008   0.1533546616E-008  -0.8504727998E-012   0.1125201788E-011
  -0.7882044720E-012   0.1346045819E-012  -0.1090134939E-008   0.1446810875E-008   0.5803179067E-012  -0.8906695941E-012
   0.2602580143E-012  -0.2291519851E-012  -0.9229843684E-009   0.1361112210E-008   0.3091263649E-012  -0.5168982768E-013
   0.7370299371E-012  -0.6377523507E-012  -0.7783686408E-009   0.1279413128E-008  -0.4234854972E-012  -0.1542894569E-012
   0.4508345092E-013   0.6744788761E-012  -0.6506327036E-009   0.1198734623E-008  -0.8838886061E-013   0.3100338975E-012
   0.8826367171E-013   0.4281799111E-012  -0.5394535914E-009   0.1122159944E-008  -0.6278133907E-013   0.1737125641E-012
  -0.2195680900E-012   0.1010541275E-011  -0.4431551798E-009   0.1049278363E-008  -0.9977017023E-012   0.3334502479E-012
   0.1074115975E-012   0.5409074142E-012  -0.3577850634E-009   0.9783291672E-009  -0.4283369239E-012   0.1112392238E-012
   0.2435359957E-012   0.3950992412E-012  -0.2853878259E-009   0.9124475331E-009  -0.4569156871E-012  -0.2622230445E-013
   0.3043628006E-012   0.3695002526E-012  -0.2197786542E-009   0.8468793572E-009  -0.5229751206E-012  -0.1742497971E-012
   0.4401410615E-012  -0.1930557552E-014  -0.1641800230E-009   0.7864000558E-009  -0.6897421748E-012  -0.1919421897E-012
   0.2981489451E-012  -0.2629392371E-013  -0.1157747358E-009   0.7283463565E-009  -0.4074010135E-012  -0.3077309872E-012
   0.2099831293E-012   0.3883890606E-012  -0.7495574007E-010   0.6746064275E-009  -0.9153508449E-013  -0.4388377518E-012
   0.1569110025E-012   0.4681839239E-012  -0.3841368978E-010   0.6216167300E-009  -0.2525459416E-012  -0.3637151254E-012
   0.1593807963E-012   0.2053710421E-012  -0.8088926289E-011   0.5733037028E-009  -0.5750775038E-012  -0.8420686278E-013
   0.2654474595E-012   0.6973119581E-013   0.1737036808E-010   0.5279231371E-009  -0.4159004365E-012  -0.1986067327E-012
   0.4042327416E-013   0.3376882172E-012   0.3947305667E-010   0.4843316761E-009  -0.4412658355E-012  -0.4281248622E-012
   0.1807513592E-012  -0.7297318710E-014   0.5754248443E-010   0.4443364759E-009  -0.3680587498E-012  -0.3981464448E-012
   0.7426167938E-013   0.3447597329E-012   0.7236838359E-010   0.4069875027E-009  -0.3343062218E-012  -0.3543914083E-012
   0.2990010365E-013   0.5226288490E-012   0.8470325219E-010   0.3711732706E-009  -0.1969363032E-012  -0.5276694160E-012
   0.1025450174E-012   0.2402366441E-012   0.9427753233E-010   0.3385538018E-009  -0.2636197935E-012  -0.2811042927E-012
   0.1204457799E-013   0.3638203448E-012   0.1017371422E-009   0.3083896449E-009  -0.3272746940E-012  -0.2037984526E-012
   0.1547719404E-014   0.3293627597E-012   0.1074177969E-009   0.2798190299E-009  -0.2926543511E-012  -0.1499832953E-012
   0.2008284593E-013  -0.2424238463E-013   0.1113652390E-009   0.2536435614E-009  -0.2407473190E-012  -0.1176461307E-012
  -0.4179374934E-013   0.2420296240E-012   0.1139851296E-009   0.2292663763E-009  -0.2299471787E-012  -0.2929728384E-012
  -0.2236542960E-013   0.1806260464E-012   0.1153940250E-009   0.2066770633E-009  -0.1776641104E-012  -0.2100113845E-012
  -0.3375352381E-013   0.1599765258E-012   0.1156791350E-009   0.1858516013E-009  -0.1739318438E-012   0.2890962604E-013
  -0.1179867995E-013   0.1082970632E-012   0.1150714101E-009   0.1665068987E-009  -0.1086702954E-012   0.3321624502E-013
   0.8103614543E-014   0.1408740207E-012   0.1137387742E-009   0.1486006019E-009  -0.6513515682E-013   0.3220608640E-013
