  -0.1370447906E-013  -0.1000158247E-012  -0.1368584729E-015  -0.2603982795E-015  -0.9912665315E-014   0.7686149463E-013
  -0.9720097939E-014  -0.1078870749E-012  -0.1602477633E-015  -0.2568764792E-015  -0.1475181046E-013   0.8198827962E-013
  -0.4972404207E-014  -0.1162235647E-012  -0.1580383363E-015  -0.3089445754E-015  -0.2024422917E-013   0.8726196142E-013
   0.5826740948E-015  -0.1250741123E-012  -0.2170853468E-015  -0.3895347810E-015  -0.2659601578E-013   0.9281639240E-013
   0.6913260464E-014  -0.1343442856E-012  -0.1988007251E-015  -0.4581693827E-015  -0.3368114228E-013   0.9836536442E-013
   0.1424971404E-013  -0.1440590402E-012  -0.2458796043E-015  -0.4324152909E-015  -0.4147863086E-013   0.1040019605E-012
   0.2272198513E-013  -0.1543621749E-012  -0.2371483562E-015  -0.4041489161E-015  -0.5044879580E-013   0.1097389684E-012
   0.3239643567E-013  -0.1650919076E-012  -0.1506632195E-015  -0.4559591858E-015  -0.6031898472E-013   0.1154131313E-012
   0.4359025416E-013  -0.1765584610E-012  -0.1328265081E-015  -0.5402963407E-015  -0.7117988165E-013   0.1210199058E-012
   0.5589494772E-013  -0.1881051133E-012  -0.1350234709E-015  -0.5022387513E-015  -0.8346804752E-013   0.1264944125E-012
   0.6981964439E-013  -0.2001272565E-012  -0.2151770983E-016  -0.4961056799E-015  -0.9666102611E-013   0.1317796182E-012
   0.8579694715E-013  -0.2126862711E-012  -0.3270980202E-016  -0.5432383420E-015  -0.1117021970E-012   0.1367330025E-012
   0.1037445251E-012  -0.2258236610E-012   0.2135838567E-015  -0.5290053634E-015  -0.1280754116E-012   0.1414015170E-012
   0.1237566270E-012  -0.2390757485E-012   0.4052375004E-016  -0.4472535566E-015  -0.1462189072E-012   0.1455554717E-012
   0.1463670678E-012  -0.2528257613E-012   0.2518422801E-015  -0.5609330380E-015  -0.1666367270E-012   0.1492038787E-012
   0.1712228321E-012  -0.2664540227E-012   0.3342483076E-015  -0.4077443387E-015  -0.1886744131E-012   0.1519940312E-012
   0.1993762328E-012  -0.2804558426E-012   0.3501686146E-015  -0.4394880429E-015  -0.2129623372E-012   0.1539668307E-012
   0.2311367885E-012  -0.2946407331E-012   0.1409343798E-015  -0.1106463623E-015  -0.2396230480E-012   0.1546202240E-012
   0.2667922681E-012  -0.3084398491E-012   0.2543934697E-015  -0.1323565173E-015  -0.2682312671E-012   0.1539336911E-012
   0.3067746534E-012  -0.3223644509E-012   0.2012750893E-015  -0.6754717942E-016  -0.3005753742E-012   0.1519528864E-012
   0.3513849482E-012  -0.3355894423E-012   0.1128936921E-016   0.3046902298E-016  -0.3354063931E-012   0.1480524189E-012
   0.4005196774E-012  -0.3477087875E-012  -0.7808424364E-016   0.3837184322E-015  -0.3739735795E-012   0.1418978681E-012
   0.4566787282E-012  -0.3589435661E-012   0.3030711386E-015   0.4875538064E-015  -0.4157942996E-012   0.1332050513E-012
   0.5188260982E-012  -0.3688485866E-012   0.3820176019E-016   0.7307304844E-015  -0.4613144270E-012   0.1220267600E-012
   0.5884375692E-012  -0.3763611225E-012   0.5676710510E-015   0.5906298266E-015  -0.5118349445E-012   0.1070334518E-012
   0.6652123677E-012  -0.3811365063E-012   0.9789194268E-015   0.4918488971E-015  -0.5679555214E-012   0.8841589957E-013
   0.7521446458E-012  -0.3821428733E-012   0.3963953427E-015   0.7242433515E-015  -0.6279888085E-012   0.6524678216E-013
   0.8480097514E-012  -0.3780229815E-012   0.1212507725E-014   0.6294106266E-015  -0.6953510946E-012   0.3695467308E-013
   0.9560878868E-012  -0.3679269017E-012   0.1729463257E-014   0.5587879290E-015  -0.7699582346E-012   0.2955894467E-014
   0.1077194221E-011  -0.3497663439E-012   0.1566590118E-014   0.7269989205E-015  -0.8526959726E-012  -0.3781765294E-013
   0.1213603681E-011  -0.3216732847E-012   0.1777911454E-014   0.1030707120E-015  -0.9444916466E-012  -0.8524899301E-013
   0.1365521133E-011  -0.2814440236E-012   0.2396046615E-014   0.1345526463E-015  -0.1049805026E-011  -0.1422551970E-012
   0.1532963386E-011  -0.2243387653E-012   0.2949957246E-014   0.5536832702E-016  -0.1167299549E-011  -0.2100040915E-012
   0.1722022999E-011  -0.1462889103E-012   0.2378175798E-014  -0.4358487828E-015  -0.1304279994E-011  -0.2870155500E-012
   0.1926352612E-011  -0.4002308486E-013   0.3376548805E-014  -0.4371332521E-015  -0.1459839577E-011  -0.3795572197E-012
   0.2155175729E-011   0.1005838640E-012   0.3533603501E-014   0.1752412961E-014  -0.1643888856E-011  -0.4848410928E-012
   0.2401159578E-011   0.2911591329E-012   0.5982345864E-014   0.1004647193E-014  -0.1861089960E-011  -0.6107442276E-012
   0.2668982863E-011   0.5442728458E-012  -0.1631937109E-016   0.8111888421E-015  -0.2123543086E-011  -0.7571511099E-012
   0.2933039256E-011   0.8859985502E-012   0.3631735835E-014   0.1004124672E-014  -0.2446130905E-011  -0.9295994932E-012
   0.3170221690E-011   0.1345675058E-011   0.3183649389E-014   0.9105630916E-015  -0.2852545768E-011  -0.1134684425E-011
   0.3331149272E-011   0.1988862431E-011   0.7576663219E-014   0.3550988847E-014  -0.3363043867E-011  -0.1385937975E-011
   0.3315732274E-011   0.2890233719E-011   0.1198203888E-013   0.4834456255E-014  -0.4022585855E-011  -0.1686451926E-011
   0.2867628815E-011   0.4236341796E-011   0.1884089345E-013   0.6798228549E-014  -0.4954087313E-011  -0.2069242063E-011
   0.1234774254E-011   0.6485164043E-011  -0.7238769044E-015   0.1948528855E-013  -0.6430279688E-011  -0.2584218042E-011
  -0.5797937208E-011   0.1319175926E-010   0.4701413865E-013  -0.4627211933E-014  -0.1399643522E-010  -0.1344666736E-011
   0.2619613883E-011   0.1118619676E-010   0.6198201779E-014   0.1761680220E-013  -0.2184102319E-010   0.2932458182E-011
   0.7379844110E-011   0.1173124557E-010   0.4765566538E-013  -0.5726469779E-014  -0.2875619968E-010   0.4443093364E-011
   0.1408676718E-010   0.1261061439E-010   0.2684729431E-013   0.1521991133E-013  -0.3809868611E-010   0.6077386754E-011
   0.2471384631E-010   0.1353893351E-010   0.8148840712E-013   0.9708759206E-014  -0.5081983103E-010   0.8017052180E-011
   0.4242178685E-010   0.1426956128E-010   0.9157048147E-013   0.5173617128E-014  -0.6768820875E-010   0.1019120758E-010
   0.7212519294E-010   0.1442967260E-010   0.4357382530E-013   0.3765475467E-013  -0.8981996329E-010   0.1266677271E-010
   0.1225718785E-009   0.1356323985E-010  -0.6140115133E-013   0.3035897064E-014  -0.1184572912E-009   0.1496231744E-010
   0.2118165277E-009   0.1078105784E-010  -0.5367354234E-012   0.8923159372E-013  -0.1540720530E-009   0.1711452820E-010
   0.3669090066E-009   0.5359300678E-011   0.1663264739E-011   0.6518447409E-013  -0.1912037909E-009   0.1858228407E-010
   0.6584310781E-009  -0.5746294871E-011   0.2514723988E-011  -0.1470983443E-013  -0.2289696962E-009   0.1885550246E-010
   0.1278429352E-008  -0.2957896428E-010   0.5379959226E-011  -0.5259892706E-012  -0.2424183995E-009   0.1797886208E-010
   0.3237548294E-008  -0.1287138727E-009   0.1520886446E-010  -0.6501600576E-012   0.3949172756E-009  -0.1849064472E-010
   0.5526397453E-008  -0.1178162990E-009  -0.5949542338E-011  -0.7192421136E-013   0.2741451904E-008  -0.1177398750E-009
   0.1193156604E-007  -0.1455152746E-009   0.3779226114E-010  -0.1911760403E-012   0.1078757431E-007  -0.2208072121E-009
   0.1252997673E-007  -0.1121392751E-009   0.1487503962E-009  -0.1159314879E-011   0.4873810448E-007  -0.3759935760E-009
  -0.8211647983E-007   0.1313480459E-009   0.4830763143E-009   0.6071249587E-012  -0.3296598554E-009   0.5916438945E-012
   0.1312858042E-007  -0.1142522329E-009  -0.3625334966E-009   0.1744064486E-011  -0.4871363783E-007   0.3759311245E-009
   0.1190500619E-007  -0.1447069621E-009   0.6314951321E-010  -0.5137500214E-012  -0.1079756349E-007   0.2215347615E-009
   0.5519588625E-008  -0.1180089560E-009   0.1282286498E-010  -0.2216893932E-012  -0.2766290550E-008   0.1179334322E-009
   0.3254890918E-008  -0.1299898812E-009   0.2204545773E-010  -0.1205231867E-011  -0.4003990593E-009   0.1872405333E-010
   0.1275815172E-008  -0.2962260723E-010  -0.5426468981E-011   0.2128762086E-012   0.2457961464E-009  -0.1810018814E-010
   0.6603589666E-009  -0.5920254995E-011  -0.5479574000E-012  -0.1138760168E-013   0.2288309639E-009  -0.1877246713E-010
   0.3685241170E-009   0.5279698897E-011   0.5152036145E-012  -0.2743114464E-013   0.1927995589E-009  -0.1864469146E-010
   0.2100319236E-009   0.1093409601E-010  -0.6744013619E-012   0.6966319085E-013   0.1538582914E-009  -0.1718388993E-010
   0.1232105333E-009   0.1363979896E-010   0.1735208197E-013  -0.8677811900E-013   0.1184254370E-009  -0.1492342350E-010
   0.7218620043E-010   0.1440337002E-010  -0.1012101180E-013  -0.3731360265E-013   0.9003004122E-010  -0.1249235141E-010
   0.4224281615E-010   0.1427679238E-010   0.4798779211E-013  -0.3628082025E-013   0.6782326712E-010  -0.1018237448E-010
   0.2459489115E-010   0.1352289857E-010   0.5615415881E-013   0.1929626684E-015   0.5081485203E-010  -0.8012771121E-011
   0.1393671506E-010   0.1262871404E-010   0.1436815786E-012  -0.5836293292E-013   0.3815132309E-010  -0.6101710122E-011
   0.7364652260E-011   0.1169886056E-010   0.4715942801E-013  -0.1933287867E-013   0.2878139632E-010  -0.4449314929E-011
   0.2564221831E-011   0.1120410648E-010   0.3864740987E-013  -0.9972948922E-014   0.2186986208E-010  -0.2942029926E-011
  -0.6016821966E-011   0.1329708288E-010   0.5719916262E-013   0.2648653669E-014   0.1429247843E-010   0.1046033017E-011
   0.1210242903E-011   0.6495740516E-011  -0.2487748757E-013   0.3891782185E-014   0.6443587924E-011   0.2590307912E-011
   0.2867984483E-011   0.4236640359E-011  -0.1823704622E-013  -0.6673693913E-014   0.4977025533E-011   0.2051264702E-011
   0.3309033998E-011   0.2890551787E-011  -0.7078876301E-014   0.1325322775E-014   0.4028392395E-011   0.1681730361E-011
   0.3344307469E-011   0.1978093332E-011  -0.1187036995E-013  -0.8869739655E-014   0.3357144917E-011   0.1383074379E-011
   0.3175275710E-011   0.1339386010E-011  -0.5851154609E-014  -0.2106788573E-014   0.2850156019E-011   0.1130194464E-011
   0.2931107245E-011   0.8770466788E-012  -0.3227757864E-014  -0.2260263611E-016   0.2451917586E-011   0.9246393382E-012
   0.2671150731E-011   0.5357722410E-012   0.2133925054E-014  -0.1621004867E-015   0.2130814402E-011   0.7527871107E-012
   0.2411471474E-011   0.2839723524E-012   0.2367333617E-014   0.1018475973E-014   0.1869191653E-011   0.6096660433E-012
   0.2165217421E-011   0.9831885583E-013  -0.1560047006E-014   0.6011853422E-015   0.1649387105E-011   0.4844266084E-012
   0.1933863963E-011  -0.4544197851E-013  -0.1498024573E-014   0.2468007341E-014   0.1464101986E-011   0.3775077951E-012
   0.1726106029E-011  -0.1495108492E-012  -0.4823900658E-014   0.1945940818E-014   0.1306444886E-011   0.2873755672E-012
   0.1537207076E-011  -0.2278912125E-012  -0.2074842631E-014   0.2285900153E-014   0.1170195492E-011   0.2088331350E-012
   0.1368380514E-011  -0.2845944263E-012  -0.1514942816E-014   0.3069157163E-014   0.1051853404E-011   0.1427880513E-012
   0.1215774663E-011  -0.3244761801E-012  -0.1693190295E-014   0.3094561899E-014   0.9467637675E-012   0.8542072776E-013
   0.1081055655E-011  -0.3512943786E-012  -0.1468794504E-014   0.2150179368E-014   0.8533804999E-012   0.3761184119E-013
   0.9588284605E-012  -0.3683977208E-012  -0.4937448861E-015   0.1362197296E-014   0.7693359305E-012  -0.2973322288E-014
   0.8507688192E-012  -0.3780589483E-012  -0.4517766775E-015   0.9872999644E-015   0.6948149435E-012  -0.3724771165E-013
   0.7533849699E-012  -0.3815417505E-012  -0.7087527103E-015   0.8952265005E-015   0.6279848430E-012  -0.6490606118E-013
   0.6664291124E-012  -0.3797869943E-012  -0.2017133978E-015   0.5233043641E-015   0.5669732743E-012  -0.8842086980E-013
   0.5883844070E-012  -0.3750332127E-012  -0.1237296231E-014   0.8297099641E-015   0.5121747105E-012  -0.1067690655E-012
   0.5187428112E-012  -0.3675646988E-012  -0.8552534912E-015   0.6709391858E-015   0.4616998307E-012  -0.1217089961E-012
   0.4559225128E-012  -0.3575092652E-012  -0.1245879996E-014   0.9577366744E-015   0.4166475721E-012  -0.1332290450E-012
   0.4000063146E-012  -0.3462574816E-012  -0.1328371250E-014   0.7569324150E-015   0.3740618161E-012  -0.1416300287E-012
   0.3499376943E-012  -0.3340640780E-012  -0.8771509177E-015   0.5254552948E-015   0.3354930870E-012  -0.1480872489E-012
   0.3057474387E-012  -0.3210526382E-012  -0.9292278379E-015   0.3871290907E-015   0.3007245986E-012  -0.1520231847E-012
   0.2661591974E-012  -0.3073129261E-012  -0.8301097292E-015   0.2173937408E-015   0.2687002358E-012  -0.1542497169E-012
   0.2304473590E-012  -0.2936116324E-012  -0.7989189384E-015  -0.5881521305E-017   0.2396972645E-012  -0.1548903947E-012
   0.1993059059E-012  -0.2799217922E-012  -0.7001082759E-015   0.3051963510E-016   0.2132090519E-012  -0.1540607557E-012
   0.1706359005E-012  -0.2657253742E-012  -0.4062647664E-015  -0.4621449234E-016   0.1886528881E-012  -0.1522821068E-012
   0.1452942881E-012  -0.2520431782E-012  -0.4342319823E-015  -0.1138565708E-015   0.1664779560E-012  -0.1493506894E-012
   0.1227346287E-012  -0.2385866740E-012  -0.4311008237E-015  -0.1340351290E-015   0.1462203728E-012  -0.1457585873E-012
   0.1031706576E-012  -0.2254978197E-012  -0.3227311486E-015  -0.1817564781E-015   0.1279785109E-012  -0.1416558361E-012
   0.8524121208E-013  -0.2124221831E-012  -0.9115538620E-016  -0.2831564753E-015   0.1114513274E-012  -0.1369362411E-012
   0.6928477199E-013  -0.1997512146E-012  -0.1366780442E-015  -0.1440564373E-015   0.9633856584E-013  -0.1317983556E-012
   0.5553954059E-013  -0.1878639793E-012   0.5643377704E-016  -0.2664432599E-015   0.8310464972E-013  -0.1264929673E-012
   0.4313933515E-013  -0.1762242873E-012  -0.4542436983E-016  -0.2462129130E-015   0.7087316475E-013  -0.1209492204E-012
   0.3219331573E-013  -0.1650717374E-012   0.9632653070E-016  -0.2367923659E-015   0.5987414542E-013  -0.1152919619E-012
   0.2242445915E-013  -0.1542003926E-012   0.8166291290E-017  -0.1658634332E-015   0.5012333616E-013  -0.1096566937E-012
   0.1409343727E-013  -0.1440708767E-012  -0.4352572392E-016  -0.2347336577E-015   0.4130434086E-013  -0.1039603081E-012
   0.6701117206E-014  -0.1342947198E-012  -0.2598963246E-016  -0.2005768457E-015   0.3340167529E-013  -0.9830725409E-013
   0.3174527899E-015  -0.1249795996E-012  -0.2315511415E-017  -0.9679376470E-016   0.2632326476E-013  -0.9269107044E-013
  -0.5298671771E-014  -0.1160738102E-012  -0.4627887667E-017  -0.1300139687E-015   0.2011685883E-013  -0.8724390872E-013
  -0.1006823879E-013  -0.1078338920E-012  -0.5918593794E-016  -0.1739279494E-016   0.1465404160E-013  -0.8193447119E-013
  -0.1413228846E-013  -0.9991234573E-013  -0.4245070997E-016  -0.4193762732E-016   0.9772853274E-014  -0.7675359143E-013
