  -0.1386357130E-013  -0.1024367268E-012   0.8416992545E-015  -0.2129612992E-015  -0.1382221894E-013   0.8059218385E-013
  -0.9593113604E-014  -0.1102867023E-012   0.8080627630E-015  -0.2406846485E-015  -0.1908621755E-013   0.8585993601E-013
  -0.4626849152E-014  -0.1185263908E-012   0.9566449826E-015  -0.2359551583E-015  -0.2481930160E-013   0.9155616591E-013
   0.1219430322E-014  -0.1272402793E-012   0.1177745935E-014  -0.2048382211E-015  -0.3189588863E-013   0.9694412311E-013
   0.7755317336E-014  -0.1364872974E-012   0.1420606781E-014  -0.1242210158E-016  -0.3940600961E-013   0.1026468995E-012
   0.1510058261E-013  -0.1463911865E-012   0.1293965575E-014  -0.1059090427E-015  -0.4772615115E-013   0.1085849212E-012
   0.2383982309E-013  -0.1565900998E-012   0.1167731854E-014  -0.6520300449E-016  -0.5747018631E-013   0.1141757242E-012
   0.3364662336E-013  -0.1673679850E-012   0.1320245979E-014   0.3976827863E-017  -0.6808431813E-013   0.1198490398E-012
   0.4570363047E-013  -0.1780750323E-012   0.1490913925E-014  -0.4518859922E-016  -0.7977011318E-013   0.1255707550E-012
   0.5783339765E-013  -0.1899052948E-012   0.1401161150E-014  -0.2883895500E-016  -0.9293908120E-013   0.1308121997E-012
   0.7166503309E-013  -0.2022518233E-012   0.1484936249E-014   0.1327036743E-015  -0.1070432458E-012   0.1363743708E-012
   0.8789074005E-013  -0.2146350223E-012   0.1619771140E-014   0.2226681493E-015  -0.1230434511E-012   0.1411304061E-012
   0.1066372065E-012  -0.2270381867E-012   0.1992558880E-014   0.5112987293E-015  -0.1405402987E-012   0.1457553942E-012
   0.1268209608E-012  -0.2402398251E-012   0.1708574025E-014   0.1356958993E-015  -0.1597529281E-012   0.1501165562E-012
   0.1498862912E-012  -0.2535898157E-012   0.2330048965E-014   0.5341318358E-015  -0.1816845353E-012   0.1529119114E-012
   0.1744275273E-012  -0.2680242561E-012   0.2257995223E-014   0.5446080278E-015  -0.2050385030E-012   0.1554714920E-012
   0.2026496106E-012  -0.2824154083E-012   0.2386274509E-014   0.7179478236E-015  -0.2308870012E-012   0.1572634337E-012
   0.2348136283E-012  -0.2966336873E-012   0.1595172363E-014   0.4479905468E-015  -0.2590118288E-012   0.1574579810E-012
   0.2706405164E-012  -0.3101841583E-012   0.1716534897E-014   0.6080654375E-015  -0.2889757308E-012   0.1575259971E-012
   0.3113985327E-012  -0.3233180127E-012   0.1368776892E-014   0.5992545497E-015  -0.3238006349E-012   0.1542041503E-012
   0.3563846435E-012  -0.3362247200E-012   0.6573217118E-015   0.2820545208E-015  -0.3609312724E-012   0.1502763524E-012
   0.4050367999E-012  -0.3493587778E-012  -0.1510965665E-015  -0.3096251023E-015  -0.4022739531E-012   0.1432822033E-012
   0.4617288862E-012  -0.3597724287E-012   0.9361063412E-017  -0.1181473534E-015  -0.4466602874E-012   0.1337952449E-012
   0.5244804213E-012  -0.3696972349E-012  -0.1169810078E-014  -0.1109035302E-014  -0.4955533563E-012   0.1227703242E-012
   0.5941398271E-012  -0.3772974683E-012  -0.5928456218E-015  -0.1314409580E-014  -0.5493858704E-012   0.1063560199E-012
   0.6709749936E-012  -0.3838621779E-012  -0.4425666951E-015  -0.1296335158E-014  -0.6101474182E-012   0.8565662608E-013
   0.7583585489E-012  -0.3849674296E-012  -0.1974074482E-014  -0.2169499202E-014  -0.6746739724E-012   0.6262577675E-013
   0.8534821847E-012  -0.3834226793E-012  -0.1258774159E-014  -0.1410146947E-014  -0.7471698441E-012   0.3265626333E-013
   0.9614596363E-012  -0.3750636522E-012  -0.9879582004E-015  -0.1104294723E-014  -0.8280487315E-012  -0.2766868602E-014
   0.1081737659E-011  -0.3588797336E-012  -0.1484673250E-014  -0.9153848805E-015  -0.9177768867E-012  -0.4437091835E-013
   0.1217961192E-011  -0.3311768610E-012  -0.1482292940E-014  -0.1635310188E-014  -0.1017865395E-011  -0.9134672954E-013
   0.1369793713E-011  -0.2921573626E-012  -0.1138112058E-014  -0.1514550549E-014  -0.1132824875E-011  -0.1504784368E-012
   0.1536693123E-011  -0.2386098092E-012  -0.7742293475E-015  -0.1359232019E-014  -0.1261577725E-011  -0.2189223644E-012
   0.1725184008E-011  -0.1628478589E-012  -0.1816833629E-014  -0.2596832790E-014  -0.1413089436E-011  -0.2987928223E-012
   0.1928132411E-011  -0.6093080688E-013  -0.8424369314E-015  -0.3058974435E-014  -0.1585090979E-011  -0.3928922863E-012
   0.2156755326E-011   0.7658735209E-013  -0.1490042333E-014   0.1262245980E-014  -0.1790371539E-011  -0.4979314025E-012
   0.2401271667E-011   0.2653330359E-012   0.1020815866E-014   0.2078275358E-014  -0.2033496109E-011  -0.6254944372E-012
   0.2668896011E-011   0.5210105606E-012  -0.5745659237E-014  -0.1475538562E-014  -0.2330030473E-011  -0.7737797610E-012
   0.2931529974E-011   0.8641357256E-012  -0.2367818790E-014  -0.5651844997E-015  -0.2697607299E-011  -0.9474725046E-012
   0.3165706527E-011   0.1319268173E-011  -0.3018425101E-014  -0.2024899189E-014  -0.3165281182E-011  -0.1155729335E-011
   0.3320772929E-011   0.1959559245E-011   0.3839197366E-015   0.2132821264E-014  -0.3760989144E-011  -0.1409131828E-011
   0.3294836272E-011   0.2855720889E-011   0.4618791418E-014   0.3135461107E-014  -0.4549824129E-011  -0.1703549625E-011
   0.2823670920E-011   0.4201667172E-011   0.1215132429E-013   0.5527507404E-014  -0.5691989166E-011  -0.2077921271E-011
   0.1136128478E-011   0.6454866727E-011  -0.7878880321E-014   0.2073971030E-013  -0.7595631861E-011  -0.2567214529E-011
  -0.4972577474E-011   0.1305879783E-010   0.3181554292E-013  -0.4051426794E-015  -0.1756065529E-010  -0.1117075228E-011
   0.3422863248E-011   0.1104501186E-010  -0.1468839074E-012   0.3887517044E-013  -0.2450083653E-010   0.3051801581E-011
   0.9090258980E-011   0.1145171045E-010  -0.2814597814E-013   0.2008005391E-013  -0.3119157951E-010   0.4531435110E-011
   0.1626217701E-010   0.1221898854E-010   0.1362556086E-012   0.7215841749E-014  -0.3996104420E-010   0.6102917098E-011
   0.2761580803E-010   0.1302837253E-010  -0.1044902919E-012   0.3720882168E-013  -0.5190730871E-010   0.7981585071E-011
   0.4653398270E-010   0.1354796293E-010  -0.2542195101E-012   0.5776506305E-013  -0.6792552443E-010   0.1010445281E-010
   0.7735011234E-010   0.1354497082E-010  -0.2373654367E-012   0.6645915028E-013  -0.8936608497E-010   0.1253381928E-010
   0.1296637706E-009   0.1244862444E-010  -0.3529587860E-012   0.2565701045E-013  -0.1165622335E-009   0.1472635577E-010
   0.2206838689E-009   0.9481827698E-011  -0.8510219958E-012   0.8681308538E-013  -0.1497773307E-009   0.1682631116E-010
   0.3785658854E-009   0.3665023561E-011   0.1313377369E-011   0.1002780709E-012  -0.1828007995E-009   0.1822321783E-010
   0.6713980220E-009  -0.7628982150E-011   0.2371777941E-011   0.4850070935E-013  -0.2131012655E-009   0.1837259608E-010
   0.1289588710E-008  -0.3147953625E-010   0.4977713945E-011  -0.3770412395E-012  -0.2144330815E-009   0.1757998419E-010
   0.3229184293E-008  -0.1299833797E-009   0.1962448450E-010  -0.7337752948E-012   0.4338014200E-009  -0.1847852012E-010
   0.5472341779E-008  -0.1177183990E-009  -0.1007480546E-010   0.3252734927E-013   0.2798461886E-008  -0.1165777057E-009
   0.1173815959E-007  -0.1428421908E-009   0.7154277941E-010  -0.3031186742E-012   0.1084723791E-007  -0.2167749897E-009
   0.1214916706E-007  -0.1062090654E-009   0.2328209025E-009  -0.5097612682E-012   0.4819853011E-007  -0.3646929700E-009
  -0.8037235350E-007   0.1356411174E-009  -0.2865300976E-010   0.1449028761E-012  -0.2267480446E-009   0.5278156697E-012
   0.1282129595E-007  -0.1077266409E-009  -0.3446502926E-009   0.6827426211E-012  -0.4820591641E-007   0.3645341201E-009
   0.1172162717E-007  -0.1425624225E-009   0.5440508718E-010  -0.2780445115E-012  -0.1077206893E-007   0.2165301756E-009
   0.5441912827E-008  -0.1174529513E-009   0.5558100537E-011   0.5070602312E-014  -0.2809327767E-008   0.1166825717E-009
   0.3245831427E-008  -0.1311909280E-009   0.1825810969E-010  -0.1025472321E-011  -0.4387965431E-009   0.1876292588E-010
   0.1284665571E-008  -0.3137232614E-010  -0.5248617718E-011   0.1437844836E-012   0.2176922471E-009  -0.1770766238E-010
   0.6726622931E-009  -0.7792826387E-011  -0.9652823690E-012   0.1728930505E-013   0.2133313596E-009  -0.1842785158E-010
   0.3800034699E-009   0.3563839382E-011   0.1166015164E-012   0.2741804172E-013   0.1832041021E-009  -0.1821628798E-010
   0.2197382194E-009   0.9416138221E-011  -0.3184549257E-012   0.3443909153E-013   0.1489671968E-009  -0.1684028593E-010
   0.1302615129E-009   0.1247874133E-010  -0.7368292879E-013  -0.3783996523E-013   0.1166396055E-009  -0.1473674578E-010
   0.7737563309E-010   0.1349211684E-010  -0.1848471746E-012   0.1591686350E-013   0.8950179762E-010  -0.1234322817E-010
   0.4630579583E-010   0.1358474380E-010   0.1589617730E-012  -0.4064787832E-013   0.6814417174E-010  -0.1006555626E-010
   0.2758134441E-010   0.1301954554E-010   0.1691130642E-012  -0.1058483355E-013   0.5174861262E-010  -0.7947155448E-011
   0.1680546031E-010   0.1218541436E-010   0.2605227108E-012  -0.4700359107E-013   0.3997217593E-010  -0.6120412877E-011
   0.8962213110E-011   0.1143453274E-010   0.2003091140E-012  -0.1484279587E-013   0.3130626614E-010  -0.4543946703E-011
   0.3509843930E-011   0.1104183421E-010   0.4572060912E-012  -0.3644137565E-013   0.2445123070E-010  -0.3052560439E-011
  -0.5182692903E-011   0.1316121853E-010   0.9616370645E-013   0.7989519102E-014   0.1774830283E-010   0.8320270342E-012
   0.1106444461E-011   0.6467784455E-011  -0.2824890430E-013   0.1070791465E-013   0.7613989774E-011   0.2586265153E-011
   0.2821602967E-011   0.4213445844E-011  -0.1703481356E-013  -0.4008726050E-014   0.5729822556E-011   0.2061697617E-011
   0.3286391622E-011   0.2870003094E-011  -0.6644195975E-014   0.6248401179E-014   0.4564415572E-011   0.1703262032E-011
   0.3335804368E-011   0.1957522240E-011  -0.1011549322E-013  -0.1124697697E-013   0.3763037143E-011   0.1407364183E-011
   0.3173716594E-011   0.1318079168E-011  -0.5463530026E-014  -0.1061767881E-014   0.3170169606E-011   0.1150894491E-011
   0.2933400789E-011   0.8557465123E-012  -0.3081862541E-014   0.9569291273E-015   0.2709984118E-011   0.9449581292E-012
   0.2675366201E-011   0.5161789168E-012   0.2876326015E-014  -0.1259853179E-014   0.2343546757E-011   0.7715688249E-012
   0.2416714049E-011   0.2700555400E-012   0.2819330939E-014  -0.1646332331E-014   0.2046750828E-011   0.6294910905E-012
   0.2170465978E-011   0.8993144839E-013  -0.7126769100E-015  -0.5335063700E-014   0.1799982678E-011   0.5020902370E-012
   0.1940556194E-011  -0.5644446132E-013  -0.1307290206E-014  -0.2215153054E-014   0.1593161016E-011   0.3922654960E-012
   0.1732989621E-011  -0.1573012936E-012  -0.4998523607E-014  -0.5897667656E-014   0.1417918244E-011   0.3004344445E-012
   0.1544620874E-011  -0.2351548912E-012  -0.1990525684E-014  -0.3166094960E-014   0.1267657275E-011   0.2185122734E-012
   0.1375675193E-011  -0.2896586257E-012  -0.1599236157E-014  -0.1011099783E-014   0.1137251849E-011   0.1515666150E-012
   0.1222955229E-011  -0.3292047239E-012  -0.1653634768E-014  -0.1111107359E-014   0.1022690698E-011   0.9307597589E-013
   0.1088460659E-011  -0.3539952565E-012  -0.1347428428E-014  -0.7510894682E-015   0.9207079728E-012   0.4417933513E-013
   0.9659107302E-012  -0.3721918872E-012   0.1835509268E-015  -0.3306631163E-015   0.8288662907E-012   0.1242880531E-014
   0.8578616237E-012  -0.3813634556E-012   0.2993340746E-015  -0.3402539050E-016   0.7482128499E-012  -0.3494872619E-013
   0.7603689384E-012  -0.3843791069E-012   0.1892531164E-015  -0.7099994302E-015   0.6760392328E-012  -0.6299062528E-013
   0.6734684989E-012  -0.3821972188E-012   0.1242273890E-014  -0.3071980499E-015   0.6104346530E-012  -0.8778130612E-013
   0.5953120766E-012  -0.3776255548E-012  -0.8541934398E-016  -0.1487060961E-014   0.5513535612E-012  -0.1063254164E-012
   0.5257527516E-012  -0.3697869378E-012   0.4790549912E-015  -0.5880096233E-015   0.4968703346E-012  -0.1227948967E-012
   0.4625948640E-012  -0.3603245353E-012  -0.3497474523E-015  -0.9547525216E-015   0.4494392593E-012  -0.1340003502E-012
   0.4065465169E-012  -0.3492284579E-012  -0.5642650377E-016  -0.6999046832E-015   0.4031625798E-012  -0.1437157523E-012
   0.3561898542E-012  -0.3372000965E-012   0.8040968337E-015  -0.1118191464E-015   0.3619521305E-012  -0.1510706309E-012
   0.3121199585E-012  -0.3235173371E-012   0.9001950636E-015  -0.2062287761E-015   0.3250697715E-012  -0.1549049219E-012
   0.2720824882E-012  -0.3095563801E-012   0.1151959413E-014   0.8055517763E-017   0.2908956568E-012  -0.1577834169E-012
   0.2362103253E-012  -0.2957295841E-012   0.1352687427E-014  -0.3200548196E-015   0.2602315427E-012  -0.1581757850E-012
   0.2056221884E-012  -0.2805521729E-012   0.1291231715E-014  -0.2891060407E-015   0.2319642574E-012  -0.1576108269E-012
   0.1762855609E-012  -0.2669040385E-012   0.1632479057E-014  -0.9868260396E-017   0.2059906185E-012  -0.1564997129E-012
   0.1508975406E-012  -0.2534688741E-012   0.1605464577E-014  -0.2091384221E-015   0.1822481404E-012  -0.1536089391E-012
   0.1281532101E-012  -0.2399814592E-012   0.1381633542E-014  -0.1354299781E-015   0.1606579667E-012  -0.1503191206E-012
   0.1087507289E-012  -0.2262339903E-012   0.1300988940E-014  -0.1896305891E-015   0.1414357846E-012  -0.1462300558E-012
   0.9010013074E-013  -0.2137656019E-012   0.1504648157E-014   0.6392685396E-016   0.1235903088E-012  -0.1415791779E-012
   0.7336755563E-013  -0.2015411994E-012   0.8445872892E-015  -0.8088331121E-016   0.1071601865E-012  -0.1369205512E-012
   0.5988132449E-013  -0.1890101413E-012   0.1092304167E-014   0.2788430411E-016   0.9305804368E-013  -0.1311221108E-012
   0.4720150042E-013  -0.1773971291E-012   0.6780901532E-015  -0.2269436249E-015   0.7983510868E-013  -0.1256907110E-012
   0.3595840872E-013  -0.1664462303E-012   0.5856026722E-015  -0.1739750125E-015   0.6794540630E-013  -0.1200178905E-012
   0.2538105432E-013  -0.1561744344E-012   0.9511104239E-016  -0.3195712529E-015   0.5744722781E-013  -0.1142421552E-012
   0.1706926230E-013  -0.1458001867E-012   0.1282219121E-015  -0.3698341428E-015   0.4787401057E-013  -0.1085086837E-012
   0.9276006189E-014  -0.1362112314E-012  -0.8370368300E-016  -0.4124223980E-015   0.3934839716E-013  -0.1027514973E-012
   0.2453988603E-014  -0.1269771928E-012  -0.4824984300E-015  -0.4690761011E-015   0.3155020919E-013  -0.9721079095E-013
  -0.3668665596E-014  -0.1183827913E-012  -0.3510167831E-015  -0.3735587059E-015   0.2481380574E-013  -0.9160430292E-013
  -0.8273171930E-014  -0.1098844167E-012  -0.7122281268E-015  -0.4671264814E-015   0.1885678213E-013  -0.8614091848E-013
  -0.1272229112E-013  -0.1021406158E-012  -0.5708923693E-015  -0.4065771074E-015   0.1355770109E-013  -0.8084536795E-013
