  -0.3953355574E-012  -0.1700586991E-012   0.4837494854E-015   0.1436201381E-015   0.1392092057E-012   0.2030392762E-012
  -0.4170860586E-012  -0.1994728157E-012   0.5215040921E-015   0.1828604300E-015   0.1381860896E-012   0.2261298354E-012
  -0.4395624462E-012  -0.2324492006E-012   0.5610400499E-015   0.2284464673E-015   0.1358039714E-012   0.2509881947E-012
  -0.4627170337E-012  -0.2694005705E-012   0.6022144711E-015   0.2812350506E-015   0.1318544600E-012   0.2776901692E-012
  -0.4864838660E-012  -0.3107920722E-012   0.6448215607E-015   0.3421887932E-015   0.1261067536E-012   0.3063079958E-012
  -0.5107744837E-012  -0.3571488219E-012   0.6885787718E-015   0.4123887775E-015   0.1183056764E-012   0.3369090312E-012
  -0.5354727345E-012  -0.4090646223E-012   0.7331102796E-015   0.4930487804E-015   0.1081695662E-012   0.3695542655E-012
  -0.5604284087E-012  -0.4672120511E-012   0.7779272466E-015   0.5855312866E-015   0.9538799960E-013   0.4042966354E-012
  -0.5854494346E-012  -0.5323541424E-012   0.8224042418E-015   0.6913655481E-015   0.7961934003E-013   0.4411791184E-012
  -0.6102922998E-012  -0.6053579222E-012   0.8657510348E-015   0.8122679894E-015   0.6048808835E-013   0.4802325951E-012
  -0.6346502926E-012  -0.6872101001E-012   0.9069788181E-015   0.9501653148E-015   0.3758201294E-013   0.5214734620E-012
  -0.6581390573E-012  -0.7790352695E-012   0.9448596913E-015   0.1107220736E-014   0.1044902833E-013   0.5649009825E-012
  -0.6802788443E-012  -0.8821170271E-012   0.9778779754E-015   0.1285863821E-014  -0.2140621692E-013   0.6104943677E-012
  -0.7004726827E-012  -0.9979224893E-012   0.1004171583E-014   0.1488824555E-014  -0.5852609460E-013   0.6582095790E-012
  -0.7179795227E-012  -0.1128130763E-011   0.1021461248E-014   0.1719172327E-014  -0.1015041612E-012   0.7079758547E-012
  -0.7318811671E-012  -0.1274666021E-011   0.1026964862E-014   0.1980360701E-014  -0.1509898217E-012   0.7596919695E-012
  -0.7410415205E-012  -0.1439735931E-011   0.1017293491E-014   0.2276278997E-014  -0.2076936119E-012   0.8132222468E-012
  -0.7440563304E-012  -0.1625876333E-011   0.9883247361E-015   0.2611311940E-014  -0.2723932585E-012   0.8683923595E-012
  -0.7391911394E-012  -0.1836003182E-011   0.9350479529E-015   0.2990408892E-014  -0.3459407275E-012   0.9249849739E-012
  -0.7243045993E-012  -0.2073472954E-011   0.8513743887E-015   0.3419164536E-014  -0.4292705480E-012   0.9827353166E-012
  -0.6967535764E-012  -0.2342152931E-011   0.7299033124E-015   0.3903913287E-014  -0.5234097882E-012   0.1041326777E-011
  -0.6532755626E-012  -0.2646502985E-011   0.5616327089E-015   0.4451840240E-014  -0.6294901983E-012   0.1100386698E-011
  -0.5898427352E-012  -0.2991670793E-011   0.3355997443E-015   0.5071112139E-014  -0.7487632055E-012   0.1159482564E-011
  -0.5014805175E-012  -0.3383602719E-011   0.3843177320E-016   0.5771032677E-014  -0.8826186888E-012   0.1218118859E-011
  -0.3820415608E-012  -0.3829172996E-011  -0.3462172693E-015   0.6562227530E-014  -0.1032608782E-011   0.1275734950E-011
  -0.2239235812E-012  -0.4336334328E-011  -0.8383782134E-015   0.7456865879E-014  -0.1200478401E-011   0.1331704473E-011
  -0.1771624586E-013  -0.4914293536E-011  -0.1462669645E-014   0.8468926948E-014  -0.1388204784E-011   0.1385336825E-011
   0.2482419353E-012  -0.5573716594E-011  -0.2249451145E-014   0.9614522350E-014  -0.1598049192E-011   0.1435881548E-011
   0.5884213238E-012  -0.6326968142E-011  -0.3236305593E-014   0.1091228799E-013  -0.1832625038E-011   0.1482536615E-011
   0.1020805466E-011  -0.7188391577E-011  -0.4469957330E-014   0.1238386311E-013  -0.2094988350E-011   0.1524461953E-011
   0.1567783821E-011  -0.8174636948E-011  -0.6008772101E-014   0.1405447924E-013  -0.2388758723E-011   0.1560799859E-011
   0.2257287913E-011  -0.9305045306E-011  -0.7926039834E-014   0.1595368828E-013  -0.2718282112E-011   0.1590704556E-011
   0.3124243693E-011  -0.1060209989E-010  -0.1031431986E-013   0.1811626828E-013  -0.3088851408E-011   0.1613383723E-011
   0.4212437134E-011  -0.1209195662E-010  -0.1329124100E-013   0.2058335715E-013  -0.3507007322E-011   0.1628155768E-011
   0.5576923171E-011  -0.1380506882E-010  -0.1700731312E-013   0.2340388104E-013  -0.3980951726E-011   0.1634527804E-011
   0.7287153776E-011  -0.1577692425E-010  -0.2165654762E-013   0.2663636617E-013  -0.4521119816E-011   0.1632300906E-011
   0.9431064237E-011  -0.1804891601E-010  -0.2749104280E-013   0.3035125357E-013  -0.5140978583E-011   0.1621711469E-011
   0.1212044493E-010  -0.2066937298E-010  -0.3484122940E-013   0.3463387798E-013  -0.5858151121E-011   0.1603620624E-011
   0.1549804941E-010  -0.2369477997E-010  -0.4414429370E-013   0.3958833149E-013  -0.6696015278E-011   0.1579768015E-011
   0.1974706306E-010  -0.2719122208E-010  -0.5598456670E-013   0.4534251449E-013  -0.7686001318E-011   0.1553112497E-011
   0.2510379971E-010  -0.3123609090E-010  -0.7115165978E-013   0.5205479341E-013  -0.8870933377E-011   0.1528291192E-011
   0.3187483346E-010  -0.3592009007E-010  -0.9072529737E-013   0.5992285009E-013  -0.1030995200E-010   0.1512241281E-011
   0.4046024071E-010  -0.4134956911E-010  -0.1162009183E-012   0.6919554302E-013  -0.1208586860E-010   0.1515047710E-011
   0.5138525374E-010  -0.4764918928E-010  -0.1496785242E-012   0.8018893518E-013  -0.1431632263E-010   0.1551107565E-011
   0.6534341633E-010  -0.5496486415E-010  -0.1941512733E-012   0.9330811457E-013  -0.1717098899E-010   0.1640742480E-011
   0.8385846882E-010  -0.6468185785E-010  -0.2557484111E-012   0.1117366262E-012  -0.1907437611E-010   0.8837721424E-012
   0.1077573278E-009  -0.7604024373E-010  -0.3393179516E-012   0.1342447759E-012  -0.2113048868E-010  -0.6985045032E-013
   0.1394344751E-009  -0.8955793299E-010  -0.4566650858E-012   0.1623754763E-012  -0.2361195845E-010  -0.1207788435E-011
   0.1819680569E-009  -0.1057125729E-009  -0.6250304780E-012   0.1978937341E-012  -0.2697606596E-010  -0.2497619514E-011
   0.2400926981E-009  -0.1251350527E-009  -0.8730390032E-012   0.2432909644E-012  -0.3224961918E-010  -0.3851769575E-011
   0.3215089697E-009  -0.1486952981E-009  -0.1250664110E-011   0.3022054363E-012  -0.4167674058E-010  -0.5086809584E-011
   0.4396411701E-009  -0.1776604156E-009  -0.1850829058E-011   0.3801984039E-012  -0.6008224361E-010  -0.5859823015E-011
   0.6198535187E-009  -0.2139976930E-009  -0.2860426608E-011   0.4862993860E-012  -0.9776255784E-010  -0.5575030025E-011
   0.9144582518E-009  -0.2609736831E-009  -0.4693282341E-011   0.6363358514E-012  -0.1767866655E-009  -0.3258939795E-011
   0.1441981843E-008  -0.3243796262E-009  -0.8379538697E-011   0.8607368463E-012  -0.3457131300E-009   0.2587198058E-011
   0.2502105018E-008  -0.4151833204E-009  -0.1688801745E-010   0.1224744687E-011  -0.7190230065E-009   0.1415136977E-010
   0.3437525530E-008  -0.4759280942E-009  -0.2530160607E-010   0.1496010280E-011  -0.1051849598E-008   0.2263716933E-010
   0.4913641146E-008  -0.5530226397E-009  -0.3993798830E-010   0.1872824996E-011  -0.1571734027E-008   0.3361325640E-010
   0.7045634660E-008  -0.6421353809E-009  -0.6520818026E-010   0.2375062610E-011  -0.2729591002E-008   0.5896281423E-010
   0.1049377679E-007  -0.7554281658E-009  -0.1135703357E-009   0.3103190292E-011  -0.4958674351E-008   0.9595840908E-010
   0.1627040387E-007  -0.9016029969E-009  -0.2140574241E-009   0.4203049449E-011  -0.9596577256E-008   0.1514096811E-009
   0.2605496096E-007  -0.1090726525E-008  -0.4436098160E-009   0.5930792725E-011  -0.2018401060E-007   0.2371267070E-009
   0.4094155099E-007  -0.1325849076E-008  -0.1018863872E-008   0.8681067259E-011  -0.4668661008E-007   0.3711919092E-009
   0.4708515411E-007  -0.1563604316E-008  -0.2472550523E-008   0.1254129019E-010  -0.1136088890E-006   0.5574415551E-009
  -0.5302655113E-007  -0.1621804405E-008  -0.4547940175E-008   0.1368723773E-010  -0.2091385626E-006   0.6196637671E-009
  -0.2450325261E-006  -0.1487107242E-008   0.3466282204E-009  -0.1024612626E-011   0.1595538773E-007  -0.3668629248E-010
  -0.5302655113E-007  -0.1621804405E-008   0.4547940175E-008  -0.1368723773E-010   0.2091385626E-006  -0.6196637671E-009
   0.4708515411E-007  -0.1563604316E-008   0.2472550523E-008  -0.1254129019E-010   0.1136088890E-006  -0.5574415551E-009
   0.4094155099E-007  -0.1325849076E-008   0.1018863872E-008  -0.8681067259E-011   0.4668661008E-007  -0.3711919092E-009
   0.2605496096E-007  -0.1090726525E-008   0.4436098160E-009  -0.5930792725E-011   0.2018401060E-007  -0.2371267070E-009
   0.1627040387E-007  -0.9016029969E-009   0.2140574241E-009  -0.4203049449E-011   0.9596577256E-008  -0.1514096811E-009
   0.1049377679E-007  -0.7554281658E-009   0.1135703357E-009  -0.3103190292E-011   0.4958674351E-008  -0.9595840908E-010
   0.7045634660E-008  -0.6421353809E-009   0.6520818026E-010  -0.2375062610E-011   0.2729591002E-008  -0.5896281423E-010
   0.4913641146E-008  -0.5530226397E-009   0.3993798830E-010  -0.1872824996E-011   0.1571734027E-008  -0.3361325640E-010
   0.3437525530E-008  -0.4759280942E-009   0.2530160607E-010  -0.1496010280E-011   0.1051849598E-008  -0.2263716933E-010
   0.2502105018E-008  -0.4151833204E-009   0.1688801745E-010  -0.1224744687E-011   0.7190230065E-009  -0.1415136977E-010
   0.1441981843E-008  -0.3243796262E-009   0.8379538697E-011  -0.8607368463E-012   0.3457131300E-009  -0.2587198058E-011
   0.9144582518E-009  -0.2609736831E-009   0.4693282341E-011  -0.6363358514E-012   0.1767866655E-009   0.3258939795E-011
   0.6198535187E-009  -0.2139976930E-009   0.2860426608E-011  -0.4862993860E-012   0.9776255784E-010   0.5575030025E-011
   0.4396411701E-009  -0.1776604156E-009   0.1850829058E-011  -0.3801984039E-012   0.6008224361E-010   0.5859823015E-011
   0.3215089697E-009  -0.1486952981E-009   0.1250664110E-011  -0.3022054363E-012   0.4167674058E-010   0.5086809584E-011
   0.2400926981E-009  -0.1251350527E-009   0.8730390032E-012  -0.2432909644E-012   0.3224961918E-010   0.3851769575E-011
   0.1819680569E-009  -0.1057125729E-009   0.6250304780E-012  -0.1978937341E-012   0.2697606596E-010   0.2497619514E-011
   0.1394344751E-009  -0.8955793299E-010   0.4566650858E-012  -0.1623754763E-012   0.2361195845E-010   0.1207788435E-011
   0.1077573278E-009  -0.7604024373E-010   0.3393179516E-012  -0.1342447759E-012   0.2113048868E-010   0.6985045032E-013
   0.8385846882E-010  -0.6468185785E-010   0.2557484111E-012  -0.1117366262E-012   0.1907437611E-010  -0.8837721424E-012
   0.6534341633E-010  -0.5496486415E-010   0.1941512733E-012  -0.9330811457E-013   0.1717098899E-010  -0.1640742480E-011
   0.5138525374E-010  -0.4764918928E-010   0.1496785242E-012  -0.8018893518E-013   0.1431632263E-010  -0.1551107565E-011
   0.4046024071E-010  -0.4134956911E-010   0.1162009183E-012  -0.6919554302E-013   0.1208586860E-010  -0.1515047710E-011
   0.3187483346E-010  -0.3592009007E-010   0.9072529737E-013  -0.5992285009E-013   0.1030995200E-010  -0.1512241281E-011
   0.2510379971E-010  -0.3123609090E-010   0.7115165978E-013  -0.5205479341E-013   0.8870933377E-011  -0.1528291192E-011
   0.1974706306E-010  -0.2719122208E-010   0.5598456670E-013  -0.4534251449E-013   0.7686001318E-011  -0.1553112497E-011
   0.1549804941E-010  -0.2369477997E-010   0.4414429370E-013  -0.3958833149E-013   0.6696015278E-011  -0.1579768015E-011
   0.1212044493E-010  -0.2066937298E-010   0.3484122940E-013  -0.3463387798E-013   0.5858151121E-011  -0.1603620624E-011
   0.9431064237E-011  -0.1804891601E-010   0.2749104280E-013  -0.3035125357E-013   0.5140978583E-011  -0.1621711469E-011
   0.7287153776E-011  -0.1577692425E-010   0.2165654762E-013  -0.2663636617E-013   0.4521119816E-011  -0.1632300906E-011
   0.5576923171E-011  -0.1380506882E-010   0.1700731312E-013  -0.2340388104E-013   0.3980951726E-011  -0.1634527804E-011
   0.4212437134E-011  -0.1209195662E-010   0.1329124100E-013  -0.2058335715E-013   0.3507007322E-011  -0.1628155768E-011
   0.3124243693E-011  -0.1060209989E-010   0.1031431986E-013  -0.1811626828E-013   0.3088851408E-011  -0.1613383723E-011
   0.2257287913E-011  -0.9305045306E-011   0.7926039834E-014  -0.1595368828E-013   0.2718282112E-011  -0.1590704556E-011
   0.1567783821E-011  -0.8174636948E-011   0.6008772101E-014  -0.1405447924E-013   0.2388758723E-011  -0.1560799859E-011
   0.1020805466E-011  -0.7188391577E-011   0.4469957330E-014  -0.1238386311E-013   0.2094988350E-011  -0.1524461953E-011
   0.5884213238E-012  -0.6326968142E-011   0.3236305593E-014  -0.1091228799E-013   0.1832625038E-011  -0.1482536615E-011
   0.2482419353E-012  -0.5573716594E-011   0.2249451145E-014  -0.9614522350E-014   0.1598049192E-011  -0.1435881548E-011
  -0.1771624586E-013  -0.4914293536E-011   0.1462669645E-014  -0.8468926948E-014   0.1388204784E-011  -0.1385336825E-011
  -0.2239235812E-012  -0.4336334328E-011   0.8383782134E-015  -0.7456865879E-014   0.1200478401E-011  -0.1331704473E-011
  -0.3820415608E-012  -0.3829172996E-011   0.3462172693E-015  -0.6562227530E-014   0.1032608782E-011  -0.1275734950E-011
  -0.5014805175E-012  -0.3383602719E-011  -0.3843177320E-016  -0.5771032677E-014   0.8826186888E-012  -0.1218118859E-011
  -0.5898427352E-012  -0.2991670793E-011  -0.3355997443E-015  -0.5071112139E-014   0.7487632055E-012  -0.1159482564E-011
  -0.6532755626E-012  -0.2646502985E-011  -0.5616327089E-015  -0.4451840240E-014   0.6294901983E-012  -0.1100386698E-011
  -0.6967535764E-012  -0.2342152931E-011  -0.7299033124E-015  -0.3903913287E-014   0.5234097882E-012  -0.1041326777E-011
  -0.7243045993E-012  -0.2073472954E-011  -0.8513743887E-015  -0.3419164536E-014   0.4292705480E-012  -0.9827353166E-012
  -0.7391911394E-012  -0.1836003182E-011  -0.9350479529E-015  -0.2990408892E-014   0.3459407275E-012  -0.9249849739E-012
  -0.7440563304E-012  -0.1625876333E-011  -0.9883247361E-015  -0.2611311940E-014   0.2723932585E-012  -0.8683923595E-012
  -0.7410415205E-012  -0.1439735931E-011  -0.1017293491E-014  -0.2276278997E-014   0.2076936119E-012  -0.8132222468E-012
  -0.7318811671E-012  -0.1274666021E-011  -0.1026964862E-014  -0.1980360701E-014   0.1509898217E-012  -0.7596919695E-012
  -0.7179795227E-012  -0.1128130763E-011  -0.1021461248E-014  -0.1719172327E-014   0.1015041612E-012  -0.7079758547E-012
  -0.7004726827E-012  -0.9979224893E-012  -0.1004171583E-014  -0.1488824555E-014   0.5852609460E-013  -0.6582095790E-012
  -0.6802788443E-012  -0.8821170271E-012  -0.9778779754E-015  -0.1285863821E-014   0.2140621692E-013  -0.6104943677E-012
  -0.6581390573E-012  -0.7790352695E-012  -0.9448596913E-015  -0.1107220736E-014  -0.1044902833E-013  -0.5649009825E-012
  -0.6346502926E-012  -0.6872101001E-012  -0.9069788181E-015  -0.9501653148E-015  -0.3758201294E-013  -0.5214734620E-012
  -0.6102922998E-012  -0.6053579222E-012  -0.8657510348E-015  -0.8122679894E-015  -0.6048808835E-013  -0.4802325951E-012
  -0.5854494346E-012  -0.5323541424E-012  -0.8224042418E-015  -0.6913655481E-015  -0.7961934003E-013  -0.4411791184E-012
  -0.5604284087E-012  -0.4672120511E-012  -0.7779272466E-015  -0.5855312866E-015  -0.9538799960E-013  -0.4042966354E-012
  -0.5354727345E-012  -0.4090646223E-012  -0.7331102796E-015  -0.4930487804E-015  -0.1081695662E-012  -0.3695542655E-012
  -0.5107744837E-012  -0.3571488219E-012  -0.6885787718E-015  -0.4123887775E-015  -0.1183056764E-012  -0.3369090312E-012
  -0.4864838660E-012  -0.3107920722E-012  -0.6448215607E-015  -0.3421887932E-015  -0.1261067536E-012  -0.3063079958E-012
  -0.4627170337E-012  -0.2694005705E-012  -0.6022144711E-015  -0.2812350506E-015  -0.1318544600E-012  -0.2776901692E-012
  -0.4395624462E-012  -0.2324492006E-012  -0.5610400499E-015  -0.2284464673E-015  -0.1358039714E-012  -0.2509881947E-012
  -0.4170860586E-012  -0.1994728157E-012  -0.5215040921E-015  -0.1828604300E-015  -0.1381860896E-012  -0.2261298354E-012
  -0.3953355574E-012  -0.1700586991E-012  -0.4837494854E-015  -0.1436201381E-015  -0.1392092057E-012  -0.2030392762E-012
