  -0.5093533229E-008  -0.8201431222E-008   0.1410591566E-007   0.3763289570E-007   0.2707533422E-009   0.2839447433E-009
  -0.5102973177E-008  -0.8747379092E-008   0.1314078299E-007   0.3887082957E-007   0.2785783725E-009   0.3176030932E-009
  -0.5106505119E-008  -0.9312021573E-008   0.1211253817E-007   0.4003333413E-007   0.2743207278E-009   0.3689421789E-009
  -0.5067526038E-008  -0.9918869729E-008   0.1097874217E-007   0.4118245623E-007   0.2712480351E-009   0.4016343976E-009
  -0.5031555128E-008  -0.1052422711E-007   0.9778140804E-008   0.4223183084E-007   0.2741146657E-009   0.4517267757E-009
  -0.4962396755E-008  -0.1116692423E-007   0.8487931301E-008   0.4321165640E-007   0.2760002168E-009   0.4944901273E-009
  -0.4887310551E-008  -0.1180930633E-007   0.7143048399E-008   0.4408256301E-007   0.2809499245E-009   0.5278393013E-009
  -0.4787865778E-008  -0.1247694608E-007   0.5681644134E-008   0.4494033123E-007   0.2749057067E-009   0.5702057159E-009
  -0.4688787210E-008  -0.1312535027E-007   0.4233148279E-008   0.4552629044E-007   0.2747503680E-009   0.6286035172E-009
  -0.4546337256E-008  -0.1382525837E-007   0.2681882712E-008   0.4606105040E-007   0.2534938128E-009   0.6821481031E-009
  -0.4372499305E-008  -0.1455379889E-007   0.1101310825E-008   0.4643403932E-007   0.2353311552E-009   0.7370639375E-009
  -0.4155541085E-008  -0.1532704093E-007  -0.5314607484E-009   0.4663284446E-007   0.2121836740E-009   0.7995897653E-009
  -0.3956991735E-008  -0.1605534885E-007  -0.2261900900E-008   0.4674433787E-007   0.1915087919E-009   0.8519373711E-009
  -0.3743354504E-008  -0.1677487375E-007  -0.4018918461E-008   0.4666318924E-007   0.1419437859E-009   0.9541800176E-009
  -0.3413046935E-008  -0.1760728799E-007  -0.5734765742E-008   0.4631946955E-007   0.1343162543E-009   0.9560671785E-009
  -0.3132988598E-008  -0.1832223195E-007  -0.7511924984E-008   0.4582917763E-007   0.1155564060E-009   0.1005610424E-008
  -0.2802976962E-008  -0.1911687810E-007  -0.9304107598E-008   0.4514834312E-007   0.5320752078E-010   0.1071423791E-008
  -0.2429730286E-008  -0.1992795192E-007  -0.1108187371E-007   0.4423722467E-007   0.2266653438E-010   0.1151093457E-008
  -0.2024293372E-008  -0.2072161785E-007  -0.1281792621E-007   0.4303633832E-007  -0.2769478894E-010   0.1193973975E-008
  -0.1567587968E-008  -0.2152944727E-007  -0.1452660192E-007   0.4160690828E-007  -0.8187046544E-010   0.1270810161E-008
  -0.1136427575E-008  -0.2232406816E-007  -0.1619587083E-007   0.3988630466E-007  -0.1636119600E-009   0.1369187897E-008
  -0.5778276422E-009  -0.2312533251E-007  -0.1782526227E-007   0.3792996710E-007  -0.2002575353E-009   0.1414450555E-008
  -0.3982155500E-010  -0.2392609342E-007  -0.1935929604E-007   0.3567790631E-007  -0.2738975224E-009   0.1487951429E-008
   0.5113358012E-009  -0.2465501522E-007  -0.2083607009E-007   0.3317339440E-007  -0.3236558708E-009   0.1530654738E-008
   0.1138136840E-008  -0.2542728290E-007  -0.2213495043E-007   0.3029501279E-007  -0.4011821376E-009   0.1612423639E-008
   0.1683297423E-008  -0.2612632806E-007  -0.2341317613E-007   0.2716414807E-007  -0.4592565775E-009   0.1650310448E-008
   0.2330528772E-008  -0.2684900833E-007  -0.2440463102E-007   0.2366438894E-007  -0.5843467871E-009   0.1756593735E-008
   0.2853612310E-008  -0.2741193223E-007  -0.2530373401E-007   0.1992017423E-007  -0.5846209129E-009   0.1746667453E-008
   0.3493462517E-008  -0.2801547027E-007  -0.2595704248E-007   0.1574280810E-007  -0.7059771204E-009   0.1849635792E-008
   0.4160917764E-008  -0.2856117436E-007  -0.2642527463E-007   0.1134892045E-007  -0.8356449462E-009   0.1921442659E-008
   0.4844485438E-008  -0.2907446070E-007  -0.2667626771E-007   0.6598227968E-008  -0.9464789647E-009   0.2004274383E-008
   0.5470262616E-008  -0.2951297566E-007  -0.2671751532E-007   0.1539093285E-008  -0.1057547000E-008   0.2086041297E-008
   0.6123117279E-008  -0.2987999466E-007  -0.2655450772E-007  -0.3787626535E-008  -0.1173094648E-008   0.2149367164E-008
   0.6704606895E-008  -0.3015346141E-007  -0.2605290168E-007  -0.9483408815E-008  -0.1269137742E-008   0.2205780724E-008
   0.7224178297E-008  -0.3032082123E-007  -0.2537018276E-007  -0.1542404693E-007  -0.1410109120E-008   0.2246297762E-008
   0.7878651999E-008  -0.3048564644E-007  -0.2433858174E-007  -0.2157362953E-007  -0.1546344387E-008   0.2312758848E-008
   0.8496260081E-008  -0.3054339511E-007  -0.2313676664E-007  -0.2798326297E-007  -0.1698842339E-008   0.2414803601E-008
   0.8955694535E-008  -0.3044558219E-007  -0.2159232203E-007  -0.3457111714E-007  -0.1815578490E-008   0.2459343078E-008
   0.9300396785E-008  -0.3023598987E-007  -0.1985415546E-007  -0.4128577136E-007  -0.1936109776E-008   0.2486320755E-008
   0.9716625054E-008  -0.2996736272E-007  -0.1782877437E-007  -0.4821034845E-007  -0.2047864026E-008   0.2522004947E-008
   0.1009651319E-007  -0.2962241656E-007  -0.1551959705E-007  -0.5524704565E-007  -0.2183618236E-008   0.2580757136E-008
   0.1041560077E-007  -0.2913109366E-007  -0.1309532847E-007  -0.6238165805E-007  -0.2315226394E-008   0.2627414655E-008
   0.1076590851E-007  -0.2866345230E-007  -0.1053174846E-007  -0.6941964557E-007  -0.2515640522E-008   0.2645280431E-008
   0.1072345308E-007  -0.2774203995E-007  -0.7466501725E-008  -0.7665000416E-007  -0.2597446822E-008   0.2720354010E-008
   0.1071106816E-007  -0.2684961853E-007  -0.4584126765E-008  -0.8369460410E-007  -0.2714292213E-008   0.2740193894E-008
   0.1064770637E-007  -0.2584166858E-007  -0.1470614136E-008  -0.9072809570E-007  -0.2794316500E-008   0.2756313680E-008
   0.1040461056E-007  -0.2468298737E-007   0.1757404734E-008  -0.9756914172E-007  -0.2963053712E-008   0.2819591680E-008
   0.1021253460E-007  -0.2350718955E-007   0.4925672334E-008  -0.1041579566E-006  -0.3072191658E-008   0.2840728040E-008
   0.9775371596E-008  -0.2210870289E-007   0.8259697106E-008  -0.1105938279E-006  -0.3244322470E-008   0.2891525463E-008
   0.9343349026E-008  -0.2057975616E-007   0.1141398772E-007  -0.1166536093E-006  -0.3332111990E-008   0.2911614601E-008
   0.8844061774E-008  -0.1904598200E-007   0.1439065935E-007  -0.1222517435E-006  -0.3407201788E-008   0.2893684716E-008
   0.8133620205E-008  -0.1729722553E-007   0.1719742495E-007  -0.1274535004E-006  -0.3496995879E-008   0.2899837037E-008
   0.7487032743E-008  -0.1557176729E-007   0.2001011305E-007  -0.1323498051E-006  -0.3618360436E-008   0.2941625349E-008
   0.6757190749E-008  -0.1372509894E-007   0.2244351213E-007  -0.1366415522E-006  -0.3649410464E-008   0.2923238618E-008
   0.5749554165E-008  -0.1168043684E-007   0.2466584437E-007  -0.1404205266E-006  -0.3801164691E-008   0.2995061257E-008
   0.4824503190E-008  -0.9670782400E-008   0.2660235698E-007  -0.1436591688E-006  -0.3866829600E-008   0.3004187069E-008
   0.3857891309E-008  -0.7614009901E-008   0.2813795047E-007  -0.1462629959E-006  -0.3957756717E-008   0.3042525497E-008
   0.2709446986E-008  -0.5391358646E-008   0.2927846601E-007  -0.1481865397E-006  -0.3981271916E-008   0.3053087419E-008
   0.1689591701E-008  -0.3263097596E-008   0.3010346570E-007  -0.1495200450E-006  -0.3986078733E-008   0.3046295341E-008
   0.5499228742E-009  -0.1038482215E-008   0.3052524331E-007  -0.1501978401E-006  -0.3964066583E-008   0.3029415458E-008
  -0.4954512776E-009   0.1101077508E-008   0.3063778905E-007  -0.1502607118E-006  -0.3965788186E-008   0.3021248959E-008
  -0.1602384965E-008   0.3302100667E-008   0.3020892084E-007  -0.1495592701E-006  -0.3955933677E-008   0.3027848458E-008
  -0.2612964760E-008   0.5411758788E-008   0.2932540196E-007  -0.1481568386E-006  -0.3906912724E-008   0.3018320795E-008
  -0.3799407523E-008   0.7649634045E-008   0.2805129591E-007  -0.1461268264E-006  -0.3854899872E-008   0.3000915123E-008
  -0.4687648487E-008   0.9657440578E-008   0.2658941519E-007  -0.1436067437E-006  -0.3826319415E-008   0.3015602328E-008
  -0.5637970374E-008   0.1168644143E-007   0.2484762330E-007  -0.1405145545E-006  -0.3754186075E-008   0.2966643429E-008
  -0.6581769163E-008   0.1372685948E-007   0.2242460536E-007  -0.1365448709E-006  -0.3747685845E-008   0.3007860231E-008
  -0.7369454311E-008   0.1556725732E-007   0.2002370501E-007  -0.1323091677E-006  -0.3626807926E-008   0.2943285740E-008
  -0.8063719074E-008   0.1735188698E-007   0.1728474212E-007  -0.1275239732E-006  -0.3521462169E-008   0.2898694784E-008
  -0.8623845597E-008   0.1900004557E-007   0.1446876589E-007  -0.1223303284E-006  -0.3408628263E-008   0.2876040191E-008
  -0.9194213695E-008   0.2061656718E-007   0.1143128987E-007  -0.1166530108E-006  -0.3336888546E-008   0.2879808044E-008
  -0.9782944427E-008   0.2218364315E-007   0.8356418478E-008  -0.1106948904E-006  -0.3261266000E-008   0.2872414824E-008
  -0.1012956661E-007   0.2354303726E-007   0.4962147238E-008  -0.1042215712E-006  -0.3137238237E-008   0.2877770869E-008
  -0.1039971533E-007   0.2479754887E-007   0.1845109273E-008  -0.9765143191E-007  -0.3051771853E-008   0.2861921701E-008
  -0.1048859069E-007   0.2585193696E-007  -0.1328913436E-008  -0.9088924881E-007  -0.2918169077E-008   0.2812524922E-008
  -0.1067547186E-007   0.2690321789E-007  -0.4375965830E-008  -0.8393226863E-007  -0.2799869943E-008   0.2815797982E-008
  -0.1061320104E-007   0.2771318586E-007  -0.7522250930E-008  -0.7678371628E-007  -0.2628558991E-008   0.2753275876E-008
  -0.1047520051E-007   0.2847750966E-007  -0.1047429558E-007  -0.6950339601E-007  -0.2507495021E-008   0.2705874724E-008
  -0.1026245779E-007   0.2909467551E-007  -0.1326034297E-007  -0.6232067168E-007  -0.2318943724E-008   0.2639289500E-008
  -0.1003746583E-007   0.2960975892E-007  -0.1571778805E-007  -0.5523987928E-007  -0.2208661300E-008   0.2614482291E-008
  -0.9710278433E-008   0.3002345445E-007  -0.1789420087E-007  -0.4823434847E-007  -0.2097557362E-008   0.2578500630E-008
  -0.9454058432E-008   0.3033673580E-007  -0.1997052511E-007  -0.4122991030E-007  -0.1964028062E-008   0.2539831277E-008
  -0.9034514312E-008   0.3055615902E-007  -0.2175504252E-007  -0.3445914181E-007  -0.1848720462E-008   0.2451098197E-008
  -0.8474449638E-008   0.3054222654E-007  -0.2333026343E-007  -0.2776878943E-007  -0.1617919264E-008   0.2363496413E-008
  -0.8009981226E-008   0.3057797036E-007  -0.2456339897E-007  -0.2143338479E-007  -0.1544432268E-008   0.2330421736E-008
  -0.7379404531E-008   0.3044527996E-007  -0.2549722910E-007  -0.1534145134E-007  -0.1378278049E-008   0.2241123760E-008
  -0.6786972554E-008   0.3026700646E-007  -0.2625524620E-007  -0.9389328019E-008  -0.1285858810E-008   0.2190010283E-008
  -0.6119170822E-008   0.2996277155E-007  -0.2666092873E-007  -0.3780677194E-008  -0.1138984995E-008   0.2102882482E-008
  -0.5566466357E-008   0.2965785052E-007  -0.2681225413E-007   0.1531342144E-008  -0.1104657622E-008   0.2111789333E-008
  -0.4841634755E-008   0.2917877464E-007  -0.2678620199E-007   0.6617046415E-008  -0.9500493564E-009   0.1987993215E-008
  -0.4235924466E-008   0.2871348226E-007  -0.2649362652E-007   0.1137076329E-007  -0.8652306677E-009   0.1952315231E-008
  -0.3657269416E-008   0.2820348357E-007  -0.2598657843E-007   0.1576280244E-007  -0.8186028532E-009   0.1928637458E-008
  -0.2970154051E-008   0.2761146972E-007  -0.2534912321E-007   0.1989081684E-007  -0.7485678211E-009   0.1865644308E-008
  -0.2326192667E-008   0.2693676589E-007  -0.2442953648E-007   0.2372624546E-007  -0.6031082366E-009   0.1740982950E-008
  -0.1733378221E-008   0.2625320216E-007  -0.2340638561E-007   0.2716399999E-007  -0.4785986335E-009   0.1662637135E-008
  -0.1168168554E-008   0.2553722709E-007  -0.2218462753E-007   0.3036277744E-007  -0.4162222190E-009   0.1606850042E-008
  -0.6186672634E-009   0.2482419010E-007  -0.2086315028E-007   0.3321502305E-007  -0.3607201798E-009   0.1562960054E-008
  -0.7741913047E-010   0.2405799655E-007  -0.1938839825E-007   0.3577189596E-007  -0.2817183784E-009   0.1490305336E-008
   0.4897161072E-009   0.2325532992E-007  -0.1790313007E-007   0.3807162256E-007  -0.2221859166E-009   0.1420853632E-008
   0.9705242778E-009   0.2248932215E-007  -0.1628789453E-007   0.4004847637E-007  -0.1988825347E-009   0.1397530284E-008
   0.1431679872E-008   0.2169804718E-007  -0.1464630864E-007   0.4177156579E-007  -0.1194723324E-009   0.1307746008E-008
   0.1856248106E-008   0.2089474660E-007  -0.1293794784E-007   0.4321191846E-007  -0.7936283250E-010   0.1242459145E-008
   0.2296995660E-008   0.2008850182E-007  -0.1109991533E-007   0.4434668368E-007  -0.4479100147E-010   0.1174610794E-008
   0.2668739285E-008   0.1928831172E-007  -0.9324693741E-008   0.4525483345E-007   0.1633950435E-010   0.1113903014E-008
   0.3032987554E-008   0.1846763440E-007  -0.7537006067E-008   0.4596412926E-007   0.6878759080E-010   0.1038706503E-008
   0.3333593298E-008   0.1767752354E-007  -0.5756396953E-008   0.4644926819E-007   0.1112628238E-009   0.9751989573E-009
   0.3629993333E-008   0.1688648053E-007  -0.3971382264E-008   0.4674098522E-007   0.1454425216E-009   0.9091144323E-009
   0.3891464792E-008   0.1609738439E-007  -0.2239732073E-008   0.4685154599E-007   0.1709877804E-009   0.8558803435E-009
   0.4127982452E-008   0.1533995002E-007  -0.5305444592E-009   0.4678188014E-007   0.1908344477E-009   0.8016450356E-009
   0.4331925393E-008   0.1459565182E-007   0.1134601799E-008   0.4650518664E-007   0.2038540167E-009   0.7519233462E-009
   0.4494390934E-008   0.1387762006E-007   0.2731442299E-008   0.4612343339E-007   0.2148520836E-009   0.7108940735E-009
   0.4655710408E-008   0.1315293285E-007   0.4254508007E-008   0.4559394257E-007   0.2364934779E-009   0.6581649683E-009
   0.4779507203E-008   0.1247856405E-007   0.5773499114E-008   0.4488295053E-007   0.2304555361E-009   0.6200488521E-009
   0.4898215165E-008   0.1177490820E-007   0.7152528338E-008   0.4414851934E-007   0.2549562960E-009   0.5684558963E-009
   0.4989723747E-008   0.1111634599E-007   0.8537991235E-008   0.4319547132E-007   0.2575897410E-009   0.5248747335E-009
   0.5067218982E-008   0.1042427982E-007   0.9813163553E-008   0.4223191144E-007   0.2735433663E-009   0.4692156877E-009
   0.5126100629E-008   0.9820061288E-008   0.1100354324E-007   0.4116822154E-007   0.2844931260E-009   0.4388105078E-009
   0.5150181304E-008   0.9259513426E-008   0.1212311508E-007   0.4003188460E-007   0.2570284202E-009   0.4019747066E-009
   0.5158783495E-008   0.8681910268E-008   0.1318395173E-007   0.3879807830E-007   0.2570323825E-009   0.3642923527E-009
   0.5174699114E-008   0.8086559808E-008   0.1412994235E-007   0.3759353717E-007   0.2761353811E-009   0.3201279058E-009
