  -0.2204786449E-006  -0.1138248782E-008   0.2185234939E-009  -0.1284427317E-011   0.1202141129E-007  -0.2670302723E-010
   0.3177918330E-007  -0.1425711204E-008   0.2426894033E-008  -0.1146218119E-010   0.1334899382E-006  -0.4233767844E-009
   0.3203985380E-007  -0.1128129461E-008   0.5689027567E-009  -0.5848872845E-011   0.3130871455E-007  -0.9005823125E-010
   0.1466502424E-007  -0.8110933524E-009   0.1586986176E-009  -0.2987804097E-011   0.8753514502E-008   0.4291156881E-010
   0.7227648121E-008  -0.5984918154E-009   0.5732720866E-010  -0.1724976463E-011   0.3182419664E-008   0.8307437487E-010
   0.3950300165E-008  -0.4565452190E-009   0.2500621243E-010  -0.1098479155E-011   0.1407815278E-008   0.9139242536E-010
   0.2345593910E-008  -0.3577533790E-009   0.1247125469E-010  -0.7513392057E-012   0.7204469423E-009   0.8836608026E-010
   0.1483163930E-008  -0.2861533924E-009   0.6859141693E-011  -0.5416368860E-012   0.4130462588E-009   0.8131053912E-010
   0.9838479227E-009  -0.2325030683E-009   0.4061354916E-011  -0.4062330709E-012   0.2598014877E-009   0.7305714594E-010
   0.6772399242E-009  -0.1912232474E-009   0.2546240465E-011  -0.3141266810E-012   0.1765944271E-009   0.6476052355E-010
   0.4799278791E-009  -0.1587872419E-009   0.1670317972E-011  -0.2488160863E-012   0.1281323140E-009   0.5689522796E-010
   0.3480618709E-009  -0.1328697191E-009   0.1136491770E-011  -0.2009196416E-012   0.9815570342E-010   0.4964299148E-010
   0.2571783330E-009  -0.1118798459E-009   0.7967384696E-012  -0.1648063452E-012   0.7859042962E-010   0.4305465157E-010
   0.1929321796E-009  -0.9469405276E-010   0.5725404519E-012  -0.1369399750E-012   0.6517430657E-010   0.3712182887E-010
   0.1465498036E-009  -0.8049670400E-010   0.4200093035E-012  -0.1150133042E-012   0.5554096248E-010   0.3181001195E-010
   0.1124688742E-009  -0.6868151745E-010   0.3134988580E-012  -0.9747098806E-013   0.4832007160E-010   0.2707425294E-010
   0.8705232100E-010  -0.5878851668E-010   0.2374403765E-012  -0.8323453847E-013   0.4268944491E-010   0.2286670235E-010
   0.6785749847E-010  -0.5046249734E-010   0.1820649065E-012  -0.7153750051E-013   0.3814066687E-010   0.1914019665E-010
   0.5320529702E-010  -0.4342493167E-010   0.1410626393E-012  -0.6182326564E-013   0.3435108997E-010   0.1584989805E-010
   0.4191773637E-010  -0.3745450545E-010   0.1102525858E-012  -0.5367979994E-013   0.3111126749E-010   0.1295396466E-010
   0.3315350953E-010  -0.3237334166E-010   0.8680074396E-013  -0.4679683614E-013   0.2828245684E-010   0.1041374003E-010
   0.2630224177E-010  -0.2803705624E-010   0.6874675872E-013  -0.4093712879E-013   0.2577101609E-010   0.8193710276E-011
   0.2091492309E-010  -0.2432745035E-010   0.5470963629E-013  -0.3591674047E-013   0.2351259064E-010   0.6261355146E-011
   0.1665718299E-010  -0.2114705120E-010   0.4370035936E-013  -0.3159126168E-013   0.2146213294E-010   0.4586957001E-011
   0.1327731505E-010  -0.1841497202E-010   0.3499996648E-013  -0.2784601078E-013   0.1958748460E-010   0.3143399473E-011
   0.1058402066E-010  -0.1606372841E-010   0.2807865453E-013  -0.2458895416E-013   0.1786518254E-010   0.1905970663E-011
   0.8430676891E-011  -0.1403675894E-010   0.2254113196E-013  -0.2174551780E-013   0.1627768136E-010   0.8521772460E-012
   0.6704058843E-011  -0.1228647139E-010   0.1808909485E-013  -0.1925473469E-013   0.1481149325E-010  -0.3842851017E-013
   0.5316150880E-011  -0.1077268697E-010   0.1449506935E-013  -0.1706634962E-013   0.1345593160E-010  -0.7844087896E-012
   0.4198131040E-011  -0.9461389262E-011   0.1158392242E-013  -0.1513861897E-013   0.1220225701E-010  -0.1402588205E-011
   0.3295904575E-011  -0.8323709598E-011   0.9219623696E-014  -0.1343662167E-013   0.1104309462E-010  -0.1908190827E-011
   0.2566755472E-011  -0.7335097644E-011   0.7295653272E-014  -0.1193094999E-013   0.9972035973E-011  -0.2314967381E-011
   0.1976813911E-011  -0.6474638757E-011   0.5727973709E-014  -0.1059668587E-013   0.8983367322E-011  -0.2635313589E-011
   0.1499125505E-011  -0.5724488659E-011   0.4449827095E-014  -0.9412593807E-014   0.8071884903E-011  -0.2880380476E-011
   0.1112168646E-011  -0.5069402778E-011   0.3407845718E-014  -0.8360479615E-014   0.7232770234E-011  -0.3060177318E-011
   0.7987085049E-012  -0.4496342577E-011   0.2559118119E-014  -0.7424677197E-014   0.6461506770E-011  -0.3183667748E-011
   0.5449060145E-012  -0.3994144948E-011   0.1868956873E-014  -0.6591634956E-014   0.5753824980E-011  -0.3258859472E-011
   0.3396214388E-012  -0.3553243618E-011   0.1309186510E-014  -0.5849580314E-014   0.5105666788E-011  -0.3292887941E-011
   0.1738674405E-012  -0.3165433697E-011   0.8568203838E-015  -0.5188245877E-014   0.4513163065E-011  -0.3292094293E-011
   0.4037773525E-013  -0.2823672190E-011   0.4930307534E-015  -0.4598644569E-014   0.3972619743E-011  -0.3262097835E-011
  -0.6673438497E-013  -0.2521908637E-011   0.2023416355E-015  -0.4072883916E-014   0.3480509467E-011  -0.3207863314E-011
  -0.1522472924E-012  -0.2254941074E-011  -0.2800783586E-016  -0.3604011789E-014   0.3033466644E-011  -0.3133763217E-011
  -0.2200471208E-012  -0.2018293374E-011  -0.2085686387E-015  -0.3185887592E-014   0.2628284427E-011  -0.3043635347E-011
  -0.2733003870E-012  -0.1808110651E-011  -0.3480851299E-015  -0.2813074122E-014   0.2261912646E-011  -0.2940835888E-011
  -0.3145922076E-012  -0.1621070006E-011  -0.4538186970E-015  -0.2480746322E-014   0.1931456040E-011  -0.2828288206E-011
  -0.3460372001E-012  -0.1454304295E-011  -0.5318088671E-015  -0.2184613895E-014   0.1634172374E-011  -0.2708527623E-011
  -0.3693686311E-012  -0.1305336985E-011  -0.5870849944E-015  -0.1920855361E-014   0.1367470208E-011  -0.2583742380E-011
  -0.3860101970E-012  -0.1172026461E-011  -0.6238386820E-015  -0.1686061596E-014   0.1128906194E-011  -0.2455811047E-011
  -0.3971339062E-012  -0.1052518400E-011  -0.6455648354E-015  -0.1477187275E-014   0.9161818505E-012  -0.2326336578E-011
  -0.4037068157E-012  -0.9452050152E-012  -0.6551775312E-015  -0.1291508925E-014   0.7271398245E-012  -0.2196677268E-011
  -0.4065288158E-012  -0.8486902017E-012  -0.6551055644E-015  -0.1126588530E-014   0.5597596854E-012  -0.2067974810E-011
  -0.4062632099E-012  -0.7617596955E-012  -0.6473715231E-015  -0.9802418436E-015   0.4121533046E-012  -0.1941179676E-011
  -0.4034614924E-012  -0.6833555404E-012  -0.6336574480E-015  -0.8505106780E-015   0.2825598960E-012  -0.1817074014E-011
  -0.3985834449E-012  -0.6125542308E-012  -0.6153595226E-015  -0.7356385920E-015   0.1693407874E-012  -0.1696292281E-011
  -0.3920134528E-012  -0.5485480013E-012  -0.5936337539E-015  -0.6340494892E-015   0.7097399853E-013  -0.1579339770E-011
  -0.3840737686E-012  -0.4906288081E-012  -0.5694342265E-015  -0.5443287161E-015  -0.1395130941E-013  -0.1466609227E-011
  -0.3750353038E-012  -0.4381746135E-012  -0.5435452132E-015  -0.4652063222E-015  -0.8674044700E-013  -0.1358395714E-011
  -0.3651264227E-012  -0.3906376393E-012  -0.5166081814E-015  -0.3955421937E-015  -0.1485988188E-012  -0.1254909884E-011
  -0.3545401171E-012  -0.3475343067E-012  -0.4891445506E-015  -0.3343128204E-015  -0.2006375046E-012  -0.1156289799E-011
  -0.3434398685E-012  -0.3084366160E-012  -0.4615748977E-015  -0.2805994886E-015  -0.2438787585E-012  -0.1062611438E-011
  -0.3319644483E-012  -0.2729647594E-012  -0.4342351851E-015  -0.2335777278E-015  -0.2792613902E-012  -0.9738980099E-012
  -0.3202318539E-012  -0.2407807869E-012  -0.4073904891E-015  -0.1925078589E-015  -0.3076460003E-012  -0.8901282007E-012
  -0.3083425454E-012  -0.2115831741E-012  -0.3812466211E-015  -0.1567265179E-015  -0.3298200466E-012  -0.8112434430E-012
  -0.2963821140E-012  -0.1851021589E-012  -0.3559599704E-015  -0.1256390429E-015  -0.3465027237E-012  -0.7371543194E-012
  -0.2844234867E-012  -0.1610957377E-012  -0.3316458433E-015  -0.9871262834E-016  -0.3583496427E-012  -0.6677461823E-012
  -0.2725287570E-012  -0.1393462227E-012  -0.3083855276E-015  -0.7547016370E-016  -0.3659573024E-012  -0.6028840724E-012
  -0.2607507079E-012  -0.1196572819E-012  -0.2862322755E-015  -0.5548468304E-016  -0.3698673457E-012  -0.5424170102E-012
  -0.2491340857E-012  -0.1018513884E-012  -0.2652163672E-015  -0.3837436137E-016  -0.3705705997E-012  -0.4861817276E-012
  -0.2377166705E-012  -0.8576762202E-013  -0.2453493925E-015  -0.2379800178E-016  -0.3685108982E-012  -0.4340058992E-012
  -0.2265301791E-012  -0.7125977075E-013  -0.2266278668E-015  -0.1145096314E-016  -0.3640886901E-012  -0.3857109311E-012
  -0.2156010320E-012  -0.5819468891E-013  -0.2090362795E-015  -0.1061484472E-017  -0.3576644356E-012  -0.3411143535E-012
  -0.2049510071E-012  -0.4645087490E-013  -0.1925496589E-015   0.7612633386E-017  -0.3495617971E-012  -0.3000318647E-012
  -0.1945978022E-012  -0.3591723671E-013  -0.1771357247E-015   0.1478702383E-016  -0.3400706294E-012  -0.2622790652E-012
  -0.1845555194E-012  -0.2649201800E-013  -0.1627566887E-015   0.2065345957E-016  -0.3294497775E-012  -0.2276729184E-012
  -0.1748350868E-012  -0.1808186187E-013  -0.1493707564E-015   0.2538229478E-016  -0.3179296883E-012  -0.1960329715E-012
  -0.1654446269E-012  -0.1060099238E-013  -0.1369333725E-015   0.2912466954E-016  -0.3057148453E-012  -0.1671823640E-012
  -0.1563897803E-012  -0.3970497162E-014  -0.1253982496E-015   0.3201449923E-016  -0.2929860338E-012  -0.1409486509E-012
  -0.1476739917E-012   0.1882303310E-014  -0.1147182121E-015   0.3417026941E-016  -0.2799024454E-012  -0.1171644639E-012
  -0.1392987648E-012   0.7024411923E-014  -0.1048458828E-015   0.3569665447E-016  -0.2666036296E-012  -0.9566803072E-013
  -0.1312638884E-012   0.1151764713E-013  -0.9573423670E-016   0.3668597693E-016  -0.2532113023E-012  -0.7630357186E-013
  -0.1235676409E-012   0.1541907994E-013  -0.8733704244E-016   0.3721952234E-016  -0.2398310173E-012  -0.5892159027E-013
  -0.1162069726E-012   0.1878142338E-013  -0.7960920810E-016   0.3736872349E-016  -0.2265537106E-012  -0.4337906942E-013
  -0.1091776716E-012   0.2165338075E-013  -0.7250704762E-016   0.3719622639E-016  -0.2134571245E-012  -0.2953959227E-013
  -0.1024745132E-012   0.2407995829E-013  -0.6598848001E-016   0.3675684918E-016  -0.2006071189E-012  -0.1727339261E-013
  -0.9609139587E-013   0.2610274700E-013  -0.6001317243E-016   0.3609844411E-016  -0.1880588777E-012  -0.6457349115E-014
  -0.9002146425E-013   0.2776017739E-013  -0.5454263690E-016   0.3526267207E-016  -0.1758580165E-012   0.3025069116E-014
  -0.8425722165E-013   0.2908775093E-013  -0.4954028838E-016   0.3428569773E-016  -0.1640415988E-012   0.1128389753E-013
  -0.7879063205E-013   0.3011825078E-013  -0.4497147138E-016   0.3319881325E-016  -0.1526390660E-012   0.1842280472E-013
  -0.7361321296E-013   0.3088193457E-013  -0.4080346076E-016   0.3202899724E-016  -0.1416730893E-012   0.2453924850E-013
  -0.6871612000E-013   0.3140671119E-013  -0.3700544189E-016   0.3079941537E-016  -0.1311603459E-012   0.2972465422E-013
  -0.6409022371E-013   0.3171830355E-013  -0.3354847425E-016   0.2952986827E-016  -0.1211122283E-012   0.3406461053E-013
  -0.5972617928E-013   0.3184039872E-013  -0.3040544214E-016   0.2823719194E-016  -0.1115354889E-012   0.3763907868E-013
  -0.5561448979E-013   0.3179478701E-013  -0.2755099551E-016   0.2693561536E-016  -0.1024328265E-012   0.4052261168E-013
  -0.5174556335E-013   0.3160149094E-013  -0.2496148343E-016   0.2563707948E-016  -0.9380341824E-013   0.4278458036E-013
  -0.4810976465E-013   0.3127888527E-013  -0.2261488230E-016   0.2435152153E-016  -0.8564340115E-013   0.4448940371E-013
  -0.4469746130E-013   0.3084380878E-013  -0.2049072063E-016   0.2308712810E-016  -0.7794630765E-013   0.4569678118E-013
  -0.4149906534E-013   0.3031166869E-013  -0.1857000178E-016   0.2185056022E-016  -0.7070345829E-013   0.4646192501E-013
  -0.3850507029E-013   0.2969653835E-013  -0.1683512591E-016   0.2064715310E-016  -0.6390431520E-013   0.4683579110E-013
  -0.3570608395E-013   0.2901124866E-013  -0.1526981207E-016   0.1948109342E-016  -0.5753679956E-013   0.4686530677E-013
  -0.3309285741E-013   0.2826747384E-013  -0.1385902128E-016   0.1835557630E-016  -0.5158757580E-013   0.4659359455E-013
  -0.3065631044E-013   0.2747581184E-013  -0.1258888116E-016   0.1727294401E-016  -0.4604230557E-013   0.4606019085E-013
  -0.2838755354E-013   0.2664585998E-013  -0.1144661261E-016   0.1623480865E-016  -0.4088587376E-013   0.4530125880E-013
  -0.2627790691E-013   0.2578628594E-013  -0.1042045899E-016   0.1524216005E-016  -0.3610258915E-013   0.4434979472E-013
  -0.2431891659E-013   0.2490489451E-013  -0.9499617962E-017   0.1429546093E-016  -0.3167636186E-013   0.4323582754E-013
  -0.2250236795E-013   0.2400869039E-013  -0.8674176234E-017   0.1339473030E-016  -0.2759085949E-013   0.4198661104E-013
  -0.2082029678E-013   0.2310393725E-013  -0.7935047389E-017   0.1253961668E-016  -0.2382964411E-013   0.4062680842E-013
  -0.1926499815E-013   0.2219621318E-013  -0.7273912784E-017   0.1172946204E-016  -0.2037629156E-013   0.3917866920E-013
  -0.1782903323E-013   0.2129046298E-013  -0.6683165590E-017   0.1096335758E-016  -0.1721449497E-013   0.3766219828E-013
  -0.1650523426E-013   0.2039104714E-013  -0.6155857951E-017   0.1024019236E-016  -0.1432815373E-013   0.3609531709E-013
  -0.1528670783E-013   0.1950178797E-013  -0.5685651228E-017   0.9558695336E-017  -0.1170144949E-013   0.3449401692E-013
  -0.1416683659E-013   0.1862601288E-013  -0.5266769242E-017   0.8917471796E-017  -0.9318910351E-014   0.3287250443E-013
  -0.1313927963E-013   0.1776659499E-013  -0.4893954448E-017   0.8315034745E-017  -0.7165464479E-014   0.3124333959E-013
  -0.1219797155E-013   0.1692599123E-013  -0.4562426940E-017   0.7749831801E-017  -0.5226484167E-014   0.2961756598E-013
  -0.1133712043E-013   0.1610627801E-013  -0.4267846163E-017   0.7220268187E-017  -0.3487821384E-014   0.2800483384E-013
  -0.1055120483E-013   0.1530918466E-013  -0.4006275231E-017   0.6724726256E-017  -0.1935835697E-014   0.2641351591E-013
  -0.9834969838E-014   0.1453612464E-013  -0.3774147723E-017   0.6261581981E-017  -0.5574153963E-015   0.2485081637E-013
  -0.9183422425E-014   0.1378822478E-013  -0.3568236829E-017   0.5829218776E-017   0.6600074026E-015   0.2332287307E-013
  -0.8591826048E-014   0.1306635249E-013  -0.3385626727E-017   0.5426038990E-017   0.1728446986E-014   0.2183485331E-013
  -0.8055694700E-014   0.1237114117E-013  -0.3223686064E-017   0.5050473361E-017   0.2659358965E-014   0.2039104337E-013
  -0.7570786459E-014   0.1170301385E-013  -0.3080043419E-017   0.4700988691E-017   0.3463639307E-014   0.1899493212E-013
  -0.7133096611E-014   0.1106220516E-013  -0.2952564630E-017   0.4376093994E-017   0.4151626954E-014   0.1764928890E-013
