   0.7637935844E-014   0.3293264712E-014  -0.1106308982E-016  -0.3094300879E-016  -0.1674622534E-013  -0.7214852406E-014
   0.8014638398E-014   0.3858027779E-014  -0.1662623597E-016  -0.3025104500E-016  -0.1741567529E-013  -0.8493147363E-014
   0.8396024916E-014   0.4485211910E-014  -0.1342071045E-016  -0.4557270699E-016  -0.1804502637E-013  -0.9877482903E-014
   0.8784855517E-014   0.5156800625E-014  -0.8955698663E-017  -0.4104525466E-016  -0.1863456790E-013  -0.1137823900E-013
   0.9168954866E-014   0.5921760328E-014  -0.1339361800E-016  -0.2914050657E-016  -0.1916618698E-013  -0.1298752497E-013
   0.9564783654E-014   0.6741275330E-014  -0.9363234620E-017  -0.2248860871E-016  -0.1962330331E-013  -0.1471952800E-013
   0.9974622934E-014   0.7603955195E-014  -0.2338316042E-017  -0.2946100899E-016  -0.2002182528E-013  -0.1653815596E-013
   0.1038025401E-013   0.8563440990E-014  -0.5498530020E-017  -0.2377477513E-016  -0.2033586011E-013  -0.1845668943E-013
   0.1078449451E-013   0.9585946659E-014  -0.8401933890E-017  -0.2714160216E-016  -0.2056930419E-013  -0.2045657380E-013
   0.1116015505E-013   0.1074075474E-013  -0.9507254036E-018  -0.3940849304E-016  -0.2068565532E-013  -0.2253177550E-013
   0.1155311148E-013   0.1194770353E-013   0.3098171128E-018  -0.4301555872E-016  -0.2066766024E-013  -0.2470982947E-013
   0.1194326272E-013   0.1324311732E-013   0.1125644473E-016  -0.5278829743E-016  -0.2051258479E-013  -0.2695045962E-013
   0.1230153617E-013   0.1466975632E-013   0.4138170087E-017  -0.4614860115E-016  -0.2015874815E-013  -0.2929048668E-013
   0.1266422414E-013   0.1617744787E-013   0.5496884339E-017  -0.4412488224E-016  -0.1967445659E-013  -0.3159401954E-013
   0.1297289388E-013   0.1784974699E-013   0.8448269661E-017  -0.4096200723E-016  -0.1895499727E-013  -0.3395201106E-013
   0.1328773931E-013   0.1960140663E-013  -0.1516859675E-016  -0.3172485691E-017  -0.1802474749E-013  -0.3625977153E-013
   0.1357683281E-013   0.2149817579E-013  -0.2012216497E-016   0.1547740588E-016  -0.1682742058E-013  -0.3854254940E-013
   0.1385953929E-013   0.2348038155E-013  -0.4617802983E-016   0.4580906846E-016  -0.1538981808E-013  -0.4071540199E-013
   0.1410785358E-013   0.2560552307E-013  -0.2818618752E-016   0.2754296808E-016  -0.1367922756E-013  -0.4272027775E-013
   0.1432216714E-013   0.2788956981E-013  -0.3391033954E-016   0.2856988845E-016  -0.1169932733E-013  -0.4448550694E-013
   0.1447398555E-013   0.3031533433E-013  -0.4670010212E-016   0.6033001118E-016  -0.9410369633E-014  -0.4596852092E-013
   0.1464104710E-013   0.3282557380E-013  -0.2295788651E-016   0.3780161275E-016  -0.6784839182E-014  -0.4710381840E-013
   0.1473971060E-013   0.3550451288E-013  -0.1070339888E-016   0.7247127977E-017  -0.3828885790E-014  -0.4780913360E-013
   0.1476396578E-013   0.3834340817E-013  -0.3968145014E-016   0.7934123744E-016  -0.5074304725E-015  -0.4803829749E-013
   0.1474847540E-013   0.4128232009E-013  -0.5601695098E-016   0.9355713064E-016   0.3110213758E-014  -0.4760326038E-013
   0.1472243710E-013   0.4432473969E-013  -0.6123512264E-016   0.1433462421E-015   0.7072244873E-014  -0.4628249851E-013
   0.1467095612E-013   0.4735491569E-013  -0.5571904823E-016   0.1236934851E-015   0.1140441210E-013  -0.4420065001E-013
   0.1454569933E-013   0.5051712378E-013  -0.5715345118E-016   0.1120408978E-015   0.1602807577E-013  -0.4108488784E-013
   0.1437497033E-013   0.5367965976E-013  -0.7629297057E-016   0.1493677640E-015   0.2097755397E-013  -0.3683338448E-013
   0.1412903042E-013   0.5685485142E-013  -0.1187517598E-015   0.1942828045E-015   0.2619490860E-013  -0.3141974547E-013
   0.1386704706E-013   0.5993011798E-013  -0.1233051816E-015   0.2543860691E-015   0.3166827853E-013  -0.2464937312E-013
   0.1356618571E-013   0.6288367973E-013  -0.9837992675E-016   0.2578554901E-015   0.3740285292E-013  -0.1651170695E-013
   0.1328171764E-013   0.6560520177E-013  -0.8389022908E-016   0.1781822636E-015   0.4338265894E-013  -0.7114634077E-014
   0.1298995485E-013   0.6806623057E-013  -0.1003805237E-015   0.2025815854E-015   0.4952099671E-013   0.3680896174E-014
   0.1271900185E-013   0.7015325259E-013  -0.1208608805E-015   0.2147891536E-015   0.5586274136E-013   0.1581238769E-013
   0.1236110223E-013   0.7207832645E-013  -0.8695613923E-016   0.1345988711E-015   0.6234004532E-013   0.2923913053E-013
   0.1220336211E-013   0.7318134782E-013  -0.7991718041E-016   0.1281731421E-015   0.6884691057E-013   0.4420445934E-013
   0.1204592544E-013   0.7377817314E-013  -0.4001919563E-016   0.5787119573E-016   0.7535875070E-013   0.6034021039E-013
   0.1201848269E-013   0.7340688627E-013   0.3324891582E-017  -0.9362909434E-016   0.8201712630E-013   0.7683059136E-013
   0.1195530787E-013   0.7281122037E-013   0.6060688777E-016  -0.1282302857E-015   0.8869372145E-013   0.9380954562E-013
   0.1195672398E-013   0.7125537969E-013   0.3601791934E-016  -0.1907227530E-015   0.9540212324E-013   0.1113086838E-012
   0.1205929963E-013   0.6894733007E-013   0.6050408031E-016  -0.1538340998E-015   0.1021928572E-012   0.1283527250E-012
   0.1214646318E-013   0.6591268757E-013   0.1230527714E-015  -0.2668680103E-015   0.1090899896E-012   0.1446616923E-012
   0.1239969170E-013   0.6209437521E-013  -0.1212888965E-017  -0.5851100716E-016   0.1158311696E-012   0.1604145055E-012
   0.1247514369E-013   0.5793806834E-013   0.8003485531E-016  -0.2523323487E-015   0.1225117388E-012   0.1750382473E-012
   0.1280969711E-013   0.5266922093E-013   0.4439429473E-017  -0.1331075518E-015   0.1291217045E-012   0.1883449833E-012
   0.1298870888E-013   0.4699948305E-013  -0.1597842527E-016  -0.1338755614E-015   0.1356815742E-012   0.1996629311E-012
   0.1310468423E-013   0.4098524148E-013   0.1171286234E-016  -0.1707307008E-015   0.1421988587E-012   0.2091842272E-012
   0.1312671643E-013   0.3464188058E-013   0.4243515260E-016  -0.2036425982E-015   0.1482470830E-012   0.2170832912E-012
   0.1304006085E-013   0.2810432209E-013  -0.1162973619E-016  -0.1637964990E-016   0.1541205713E-012   0.2227462897E-012
   0.1256792734E-013   0.2154872797E-013   0.3783224396E-016  -0.1567489810E-015   0.1598683775E-012   0.2260760280E-012
   0.1241801057E-013   0.1442172215E-013  -0.2940375660E-016  -0.7939052835E-016   0.1649215943E-012   0.2276133986E-012
   0.1195753582E-013   0.7493779302E-014   0.1890886142E-016  -0.1112524567E-015   0.1697253464E-012   0.2266860111E-012
   0.1122717933E-013   0.8841009748E-015  -0.5384105939E-016   0.2123398755E-016   0.1738473736E-012   0.2240906008E-012
   0.1064675665E-013  -0.6085760082E-014  -0.1170214848E-016  -0.1785570007E-016   0.1772509716E-012   0.2196674963E-012
   0.9653006193E-014  -0.1241099815E-013   0.6641037311E-016  -0.6245708375E-016   0.1801012559E-012   0.2134121815E-012
   0.8571738098E-014  -0.1855327723E-013   0.3400504664E-016   0.3999150810E-017   0.1820787375E-012   0.2059274798E-012
   0.7183355459E-014  -0.2408643112E-013   0.1177499544E-015  -0.1160966467E-015   0.1832779096E-012   0.1971668602E-012
   0.5721603808E-014  -0.2930743286E-013   0.3525776974E-016   0.1181264595E-017   0.1837226968E-012   0.1873789762E-012
   0.4278648814E-014  -0.3442299028E-013   0.2542895192E-016  -0.1321236012E-016   0.1833625781E-012   0.1767352448E-012
   0.2538465788E-014  -0.3875126948E-013   0.2084218685E-016  -0.2472553931E-016   0.1820376638E-012   0.1657495957E-012
   0.8024555695E-015  -0.4286433751E-013   0.2431170509E-016  -0.6953586525E-016   0.1799464192E-012   0.1542554563E-012
  -0.1012269637E-014  -0.4653626890E-013   0.1054657935E-015  -0.2000754789E-015   0.1771714787E-012   0.1421379170E-012
  -0.2869272435E-014  -0.4984571490E-013   0.7509759890E-016  -0.1664851852E-015   0.1737205327E-012   0.1296617655E-012
  -0.4826711974E-014  -0.5256532458E-013   0.8629520976E-016  -0.3106905082E-015   0.1694519512E-012   0.1173028110E-012
  -0.6733988419E-014  -0.5516213498E-013   0.1001901499E-015  -0.3419862504E-015   0.1643989340E-012   0.1051766912E-012
  -0.8744593714E-014  -0.5697230804E-013   0.5638817514E-016  -0.2553676393E-015   0.1587497944E-012   0.9299170700E-013
  -0.1075483279E-013  -0.5839488433E-013   0.1856946780E-016  -0.1892854034E-015   0.1524951248E-012   0.8118770718E-013
  -0.1266469825E-013  -0.5969704308E-013   0.2070471034E-016  -0.2667279446E-015   0.1457195293E-012   0.6967333363E-013
  -0.1452674768E-013  -0.6061036093E-013  -0.2209804452E-016  -0.1930039101E-015   0.1384389807E-012   0.5838995836E-013
  -0.1628447332E-013  -0.6114789985E-013  -0.6521608131E-016  -0.1318175761E-016   0.1306619166E-012   0.4763124575E-013
  -0.1791462061E-013  -0.6128464438E-013  -0.4019859631E-016  -0.1474041298E-015   0.1225204128E-012   0.3739901905E-013
  -0.1945791335E-013  -0.6135261866E-013  -0.5365795444E-016  -0.1738791365E-015   0.1140261396E-012   0.2774388476E-013
  -0.2092759883E-013  -0.6084827587E-013  -0.6628675507E-016  -0.1245768765E-015   0.1053045208E-012   0.1854232097E-013
  -0.2225167401E-013  -0.6008311579E-013  -0.7412739886E-016  -0.9129794943E-016   0.9642066649E-013   0.9834719819E-014
  -0.2342175441E-013  -0.5907076395E-013  -0.4870021466E-016  -0.1039783799E-015   0.8746589145E-013   0.1531102479E-014
  -0.2441256443E-013  -0.5778919258E-013  -0.2089187983E-017  -0.1041683730E-015   0.7852981362E-013  -0.5832688842E-014
  -0.2525542105E-013  -0.5634501737E-013   0.1991808623E-016  -0.2027022048E-015   0.6966273130E-013  -0.1271892360E-013
  -0.2589013464E-013  -0.5453824670E-013   0.2090413382E-016  -0.2095039027E-015   0.6096135705E-013  -0.1870235724E-013
  -0.2646115163E-013  -0.5267404831E-013  -0.1274544509E-016  -0.2107782813E-015   0.5248813980E-013  -0.2386630732E-013
  -0.2682641874E-013  -0.5066665864E-013  -0.3116955227E-017  -0.1870769554E-015   0.4427935053E-013  -0.2853897859E-013
  -0.2704812572E-013  -0.4842219791E-013  -0.1906683821E-017  -0.1427626812E-015   0.3644282719E-013  -0.3252920506E-013
  -0.2710575443E-013  -0.4618775885E-013  -0.9786489628E-017  -0.1010173053E-015   0.2897984258E-013  -0.3576106708E-013
  -0.2706864481E-013  -0.4376555638E-013   0.2087619608E-016  -0.1361211445E-015   0.2196658421E-013  -0.3833159451E-013
  -0.2688701209E-013  -0.4126156335E-013   0.1200653383E-016  -0.8035167032E-016   0.1547448024E-013  -0.4019697561E-013
  -0.2656614583E-013  -0.3882671520E-013   0.1244415034E-016  -0.9340052112E-016   0.9463684842E-014  -0.4157212299E-013
  -0.2618879130E-013  -0.3637044674E-013   0.3303237867E-016  -0.1301527690E-015   0.4002598122E-014  -0.4223186552E-013
  -0.2567096498E-013  -0.3391175618E-013   0.2595388982E-017  -0.4123271563E-016  -0.9339714613E-015  -0.4235134602E-013
  -0.2510557753E-013  -0.3158701100E-013  -0.2889278131E-016  -0.2127768717E-016  -0.5335547755E-014  -0.4200880334E-013
  -0.2446689803E-013  -0.2927977929E-013  -0.2504145969E-017  -0.1631796308E-016  -0.9262715871E-014  -0.4126753805E-013
  -0.2380900672E-013  -0.2702600323E-013  -0.1093840364E-016   0.4743930763E-017  -0.1270050030E-013  -0.4020213870E-013
  -0.2307274572E-013  -0.2486174553E-013  -0.5723929790E-017  -0.4036410764E-016  -0.1569974761E-013  -0.3879274041E-013
  -0.2230791015E-013  -0.2280669124E-013  -0.2382814845E-016   0.1265112687E-016  -0.1824557235E-013  -0.3715454397E-013
  -0.2154185184E-013  -0.2078916257E-013  -0.2784200074E-016   0.3010816044E-016  -0.2035647552E-013  -0.3526849076E-013
  -0.2074559164E-013  -0.1893722627E-013  -0.3183804360E-016   0.5229725684E-016  -0.2208244162E-013  -0.3326270382E-013
  -0.1995575003E-013  -0.1712603430E-013  -0.2600437134E-016   0.4072942549E-016  -0.2343005369E-013  -0.3113731396E-013
  -0.1915679120E-013  -0.1546681482E-013  -0.2003181704E-016   0.2875101203E-016  -0.2444415174E-013  -0.2900915080E-013
  -0.1836595271E-013  -0.1388224546E-013  -0.1781838925E-016   0.2748854612E-016  -0.2517733909E-013  -0.2679854428E-013
  -0.1757641982E-013  -0.1241856194E-013  -0.2370375442E-016   0.2104033558E-016  -0.2563980989E-013  -0.2459517706E-013
  -0.1678738391E-013  -0.1105639118E-013  -0.1906300511E-016   0.1481643212E-016  -0.2585556890E-013  -0.2239476629E-013
  -0.1602792434E-013  -0.9773972720E-014  -0.1959971794E-016   0.1232825993E-016  -0.2586236605E-013  -0.2023633472E-013
  -0.1527050720E-013  -0.8595677305E-014  -0.2691551631E-016   0.3153305207E-016  -0.2568936475E-013  -0.1815871118E-013
  -0.1453141597E-013  -0.7511614354E-014  -0.2056593399E-016   0.2685480375E-016  -0.2535373190E-013  -0.1616688071E-013
  -0.1379873761E-013  -0.6537418436E-014  -0.2278286950E-016   0.3152155499E-016  -0.2489755560E-013  -0.1425347488E-013
  -0.1309773806E-013  -0.5646091162E-014  -0.2223876969E-016   0.3227526270E-016  -0.2432760560E-013  -0.1243036799E-013
  -0.1241660393E-013  -0.4814396545E-014  -0.2204184030E-016   0.2902737264E-016  -0.2365877823E-013  -0.1070191039E-013
  -0.1175568278E-013  -0.4052600324E-014  -0.1833282790E-016   0.2018381761E-016  -0.2291731005E-013  -0.9067202839E-014
  -0.1111115184E-013  -0.3387254143E-014  -0.9086615305E-017   0.1431392256E-016  -0.2210650310E-013  -0.7564216635E-014
  -0.1049475521E-013  -0.2749747159E-014  -0.5209964439E-017   0.2963215240E-017  -0.2124131421E-013  -0.6179736068E-014
  -0.9889894329E-014  -0.2198442568E-014  -0.4403053455E-017   0.3878647458E-017  -0.2035034610E-013  -0.4888596329E-014
  -0.9315801274E-014  -0.1692614832E-014  -0.6420973216E-017   0.1983514441E-016  -0.1942750910E-013  -0.3717293527E-014
  -0.8764111113E-014  -0.1222449885E-014  -0.8937506302E-017   0.1152033212E-016  -0.1848819397E-013  -0.2672511415E-014
  -0.8234704909E-014  -0.8162635210E-015  -0.4725603311E-017   0.1723268222E-016  -0.1754019565E-013  -0.1707779830E-014
  -0.7720993530E-014  -0.4513281122E-015  -0.6691411276E-017   0.1091709468E-016  -0.1659099806E-013  -0.8479633955E-015
  -0.7234161200E-014  -0.1282951478E-015  -0.5964700841E-017   0.1060348878E-016  -0.1565114133E-013  -0.6303868450E-016
  -0.6763371866E-014   0.1356143270E-015  -0.5392645725E-017  -0.7113467169E-018  -0.1472197282E-013   0.6291334459E-015
  -0.6314825273E-014   0.3770362196E-015  -0.2672772350E-017  -0.9327623252E-017  -0.1381767979E-013   0.1254457375E-014
  -0.5895393748E-014   0.5790800678E-015  -0.8286894256E-017  -0.9954123539E-017  -0.1293124451E-013   0.1815287764E-014
  -0.5495970117E-014   0.7885434017E-015  -0.4456284045E-017  -0.1768097255E-016  -0.1206962616E-013   0.2298453695E-014
  -0.5117870476E-014   0.9488548168E-015  -0.9768190432E-017  -0.1991614917E-016  -0.1123353482E-013   0.2710475547E-014
  -0.4764176136E-014   0.1088028381E-014  -0.7876226836E-017  -0.2942459823E-016  -0.1042346601E-013   0.3061363717E-014
