  -0.1857773578E-013  -0.1016926344E-014  -0.1256534321E-010   0.5249888084E-011   0.7986200421E-014  -0.1831249157E-014
  -0.1970920091E-013  -0.9536500869E-015  -0.1366064517E-010   0.5002090833E-011   0.7473481472E-014  -0.2003410830E-014
  -0.2532776618E-013  -0.2865754328E-014  -0.1482064751E-010   0.4687520636E-011   0.1050384717E-013  -0.7220349400E-015
  -0.2996974912E-013  -0.4446525081E-014  -0.1603786981E-010   0.4299887553E-011   0.6536483233E-014  -0.1655563397E-014
  -0.2803582358E-013  -0.3277794895E-014  -0.1732485854E-010   0.3831754460E-011   0.4560938531E-014  -0.2582346624E-014
  -0.2928693547E-013  -0.2890277692E-014  -0.1866659188E-010   0.3277587242E-011   0.3933400452E-014  -0.2742362794E-014
  -0.3297569587E-013  -0.4938834156E-014  -0.2006778899E-010   0.2628938422E-011   0.4487706209E-014  -0.1245719724E-014
  -0.2958556851E-013  -0.2389531011E-014  -0.2153020541E-010   0.1878761909E-011   0.4292855233E-014  -0.2032499775E-014
  -0.2950570852E-013  -0.4561448578E-015  -0.2303714249E-010   0.1024928285E-011   0.3953969735E-014  -0.1577117862E-014
  -0.3298626250E-013  -0.3781250839E-015  -0.2460696741E-010   0.4852776389E-013   0.6208734032E-014   0.1874094616E-015
  -0.3766013586E-013   0.3193023979E-015  -0.2622103093E-010  -0.1049504738E-011   0.4651324282E-014  -0.1338956836E-014
  -0.3629329922E-013   0.2748291441E-014  -0.2787494189E-010  -0.2272675114E-011   0.9905274147E-014   0.3320402911E-014
  -0.4132252425E-013   0.5508050591E-014  -0.2958932091E-010  -0.3649099296E-011   0.4771387488E-014  -0.8684705140E-015
  -0.4745696105E-013   0.6661450683E-014  -0.3131030809E-010  -0.5145786057E-011  -0.4338449642E-015  -0.3177394656E-014
  -0.4478882734E-013   0.1018680194E-013  -0.3309514294E-010  -0.6822949427E-011   0.4949155137E-014   0.3398410375E-014
  -0.3830095755E-013   0.2367151527E-013  -0.3487937766E-010  -0.8634665269E-011  -0.1384534622E-014  -0.1049943618E-014
  -0.2743403938E-013   0.3835136864E-013  -0.3669275453E-010  -0.1061508396E-010   0.8169092363E-015   0.4013697360E-014
  -0.2114625100E-013   0.4903454235E-013  -0.3850782654E-010  -0.1275316788E-010  -0.4729750115E-014  -0.4024831497E-015
  -0.2527787270E-013   0.5218381039E-013  -0.4032443165E-010  -0.1506377791E-010  -0.5046636344E-015   0.7258723895E-014
  -0.1904959315E-013   0.6491204851E-013  -0.4211795774E-010  -0.1752056900E-010  -0.4781036804E-014   0.5618173066E-014
  -0.1372823371E-013   0.7767591185E-013  -0.4390139862E-010  -0.2015766014E-010  -0.2462038506E-014   0.8074479560E-014
  -0.8925786154E-014   0.8024646236E-013  -0.4563059084E-010  -0.2292143915E-010  -0.5974582438E-015   0.1658219449E-013
  -0.1936589367E-013   0.7276292877E-013  -0.4731539254E-010  -0.2583645702E-010  -0.8150757331E-014   0.5678579054E-014
  -0.2323033732E-013   0.7572600880E-013  -0.4894656985E-010  -0.2890475012E-010   0.5353870353E-014   0.1881676323E-013
  -0.1089769136E-013   0.8495714322E-013  -0.5048183969E-010  -0.3204443695E-010   0.3729224807E-014   0.1383403302E-013
  -0.1563362581E-013   0.8711022120E-013  -0.5192071677E-010  -0.3527017951E-010   0.7746921746E-014   0.8732183673E-014
  -0.1661395746E-013   0.7712895418E-013  -0.5324011019E-010  -0.3851830928E-010   0.1798810760E-013   0.2384429781E-013
  -0.2769676017E-013   0.6125939325E-013  -0.5443604652E-010  -0.4179021360E-010   0.2527851480E-013   0.2487506376E-013
  -0.1854622998E-013   0.6734862899E-013  -0.5549479418E-010  -0.4503611650E-010   0.3326855681E-013   0.3054361542E-013
  -0.1349205626E-013   0.6812699007E-013  -0.5640457221E-010  -0.4821620126E-010   0.3499663037E-013   0.3210763041E-013
  -0.1035960484E-013   0.7531832818E-013  -0.5714547790E-010  -0.5125170936E-010   0.3800207229E-013   0.3419976566E-013
  -0.1995451503E-013   0.6687424452E-013  -0.5771105474E-010  -0.5410520060E-010   0.3839007497E-013   0.2859856693E-013
  -0.2326212211E-013   0.5822503224E-013  -0.5808268447E-010  -0.5669926014E-010   0.3643916800E-013   0.2180463727E-013
  -0.1677439391E-013   0.6056538708E-013  -0.5825811535E-010  -0.5897727055E-010   0.4098026257E-013   0.3175363474E-013
  -0.2657329173E-013   0.2713692338E-013  -0.5821237460E-010  -0.6086192208E-010   0.4327076891E-013   0.3333432747E-013
  -0.4212832858E-013  -0.1565777498E-014  -0.5798357156E-010  -0.6234882373E-010   0.4042882959E-013   0.2181340797E-013
  -0.3415329912E-013  -0.5556515996E-014  -0.5751991194E-010  -0.6332781025E-010   0.3943445549E-013   0.2425943855E-013
  -0.5280661810E-013  -0.3137494671E-013  -0.5684862395E-010  -0.6374778178E-010   0.4101567293E-013   0.2220433919E-013
  -0.5292894499E-013  -0.5158920268E-013  -0.5593815009E-010  -0.6350630907E-010   0.3797038005E-013   0.1481374938E-013
  -0.4926417523E-013  -0.6414270296E-013  -0.5482304148E-010  -0.6269738648E-010   0.4238224009E-013   0.2326015770E-013
  -0.5828060738E-013  -0.8701735216E-013  -0.5347080111E-010  -0.6120335883E-010   0.4205358503E-013   0.2989805929E-013
  -0.5235199415E-013  -0.8574913475E-013  -0.5187599432E-010  -0.5903297057E-010   0.4535194841E-013   0.3912086035E-013
  -0.4801448727E-013  -0.8991814871E-013  -0.5007623227E-010  -0.5624894580E-010   0.3960957163E-013   0.4272503980E-013
  -0.3861767268E-013  -0.8087628198E-013  -0.4802576332E-010  -0.5281487802E-010   0.4576238743E-013   0.7805275754E-013
  -0.5436917673E-013  -0.1154818979E-012  -0.4575955567E-010  -0.4884473329E-010   0.3965195424E-013   0.6622142464E-013
  -0.3243012938E-013  -0.9308351205E-013  -0.4321201604E-010  -0.4424938460E-010   0.3316343596E-013   0.5823539785E-013
  -0.3164680748E-013  -0.9906717614E-013  -0.4046732406E-010  -0.3923901034E-010   0.3494286841E-013   0.5369217398E-013
  -0.3186008369E-013  -0.1182667593E-012  -0.3746156576E-010  -0.3380222229E-010   0.2539024580E-013   0.3790808136E-013
  -0.4951187246E-013  -0.1499264451E-012  -0.3423162262E-010  -0.2804839842E-010   0.1909505113E-013   0.2399379568E-013
  -0.1673582505E-013  -0.1130377588E-012  -0.3077744072E-010  -0.2206072946E-010   0.2076099589E-013   0.2237804035E-013
  -0.3206766317E-013  -0.1440361954E-012  -0.2712027659E-010  -0.1593159642E-010   0.1988300703E-013   0.2203954060E-013
  -0.1240634484E-013  -0.1414221170E-012  -0.2324189012E-010  -0.9704895636E-011   0.1837019953E-013   0.2212410487E-013
  -0.1481155637E-013  -0.1574275717E-012  -0.1915410111E-010  -0.3449035536E-011   0.8054882607E-014   0.8963526900E-014
   0.1049461498E-013  -0.1354522935E-012  -0.1496474649E-010   0.2635519586E-011   0.7032444465E-014   0.2291062084E-014
   0.1835902872E-013  -0.1255684415E-012  -0.1057549709E-010   0.8634539117E-011  -0.4930138316E-014  -0.1476628938E-013
   0.2371541357E-013  -0.1163629048E-012  -0.6116119067E-011   0.1434778674E-010  -0.1744118330E-013  -0.3444720045E-013
   0.1688260936E-013  -0.1127461138E-012  -0.1547596333E-011   0.1979473147E-010  -0.1161874644E-013  -0.2928970277E-013
   0.1208511303E-013  -0.1167010303E-012   0.3043386720E-011   0.2485381953E-010  -0.1470097967E-013  -0.3451596506E-013
   0.4106820781E-013  -0.8602467186E-013   0.7662169684E-011   0.2953000117E-010  -0.1778817168E-013  -0.3624288678E-013
   0.2400759581E-013  -0.1057712804E-012   0.1229954379E-010   0.3383079233E-010  -0.2303863874E-013  -0.4350647321E-013
   0.3865740259E-013  -0.8865631719E-013   0.1686392835E-010   0.3766652741E-010  -0.1806435301E-013  -0.3307741749E-013
   0.4491216156E-013  -0.8204397234E-013   0.2139663945E-010   0.4109707633E-010  -0.1973097369E-013  -0.3381817278E-013
   0.6860068714E-013  -0.5926264007E-013   0.2581236420E-010   0.4407186229E-010  -0.2696353486E-013  -0.3210784036E-013
   0.6271702080E-013  -0.5599785777E-013   0.3011604776E-010   0.4658591548E-010  -0.2754799806E-013  -0.2662729072E-013
   0.4282982526E-013  -0.6977051761E-013   0.3425900431E-010   0.4863959456E-010  -0.2900023610E-013  -0.2206864238E-013
   0.1826088132E-013  -0.7910224987E-013   0.3825516166E-010   0.5027620535E-010  -0.2501782628E-013  -0.1782225263E-013
   0.1733088164E-013  -0.7182645468E-013   0.4201357442E-010   0.5147172075E-010  -0.2439266812E-013  -0.1408481967E-013
   0.2851455526E-013  -0.5924372240E-013   0.4554683679E-010   0.5224716493E-010  -0.2204234859E-013  -0.1061529434E-013
   0.1359974105E-013  -0.6042232048E-013   0.4885187617E-010   0.5265316964E-010  -0.2090175037E-013   0.3656272086E-014
   0.8368384295E-014  -0.5485090797E-013   0.5186855995E-010   0.5266587465E-010  -0.1743897553E-013   0.1301767153E-013
   0.3882106426E-013  -0.2739091632E-013   0.5460882488E-010   0.5231945565E-010  -0.1963228085E-013  -0.9715721417E-015
   0.2425421488E-013  -0.4110123955E-013   0.5705598991E-010   0.5165183973E-010  -0.1308380680E-013   0.1477273268E-013
   0.3880137354E-014  -0.3440142558E-013   0.5919644976E-010   0.5068824869E-010  -0.1140070710E-013   0.2537577647E-013
  -0.8334039479E-015  -0.3357819335E-013   0.6102113545E-010   0.4941177524E-010  -0.1449050939E-013   0.1633355030E-013
  -0.7800995949E-014  -0.3490412853E-013   0.6252362281E-010   0.4787890076E-010  -0.1759805127E-013   0.5153431898E-014
  -0.1922701161E-013  -0.4896416330E-013   0.6369227704E-010   0.4610059802E-010  -0.9685413110E-014   0.1152003122E-013
  -0.3495377873E-013  -0.4877194689E-013   0.6454206651E-010   0.4411436038E-010  -0.9116675893E-014   0.1264105951E-013
  -0.3929499386E-013  -0.5844346617E-013   0.6505723178E-010   0.4191891504E-010  -0.6261577989E-015   0.2432243730E-013
  -0.4194176120E-013  -0.5927832333E-013   0.6526673257E-010   0.3957522221E-010  -0.1218150090E-014   0.1677534552E-013
  -0.3820500594E-013  -0.4685987479E-013   0.6518799614E-010   0.3711880491E-010   0.7203649036E-014   0.2441199923E-013
  -0.3355914182E-013  -0.4792309411E-013   0.6482563783E-010   0.3457207436E-010   0.9796291972E-014   0.1797982804E-013
  -0.1738099071E-013  -0.3122977322E-013   0.6418956776E-010   0.3192554635E-010   0.1370996984E-013   0.1894048953E-013
  -0.2236094127E-014  -0.2148874157E-013   0.6332425042E-010   0.2927194620E-010   0.1464669233E-013   0.1488646365E-013
  -0.1193829634E-013  -0.2486902365E-013   0.6221279519E-010   0.2656915093E-010   0.2100762478E-013   0.2218931367E-013
   0.7649182469E-014  -0.5994933886E-014   0.6089941167E-010   0.2389317554E-010   0.2513217505E-013   0.2564213395E-013
   0.1618165920E-013  -0.6297552225E-014   0.5939403521E-010   0.2123582109E-010   0.1977364413E-013   0.1927070292E-013
   0.1065265884E-014  -0.1248158590E-013   0.5771462894E-010   0.1862816928E-010   0.2399890481E-013   0.2645949569E-013
   0.1276744206E-013  -0.4029344251E-014   0.5590981531E-010   0.1610789136E-010   0.2037722130E-013   0.2342872453E-013
   0.2145993432E-013  -0.5463357878E-015   0.5400013712E-010   0.1369107437E-010   0.2543635518E-013   0.2511389430E-013
   0.6531076663E-014  -0.1459112006E-013   0.5198552035E-010   0.1137239300E-010   0.2135043312E-013   0.1894201410E-013
   0.2198236983E-013  -0.6719959806E-014   0.4987522541E-010   0.9150933514E-011   0.2110817033E-013   0.1638815215E-013
   0.3977493252E-014  -0.1346151609E-013   0.4771211996E-010   0.7060193464E-011   0.2440550068E-013   0.1638605084E-013
   0.1311589298E-013  -0.7173188837E-014   0.4553846688E-010   0.5125552651E-011   0.2392630170E-013   0.1645510725E-013
   0.2397794058E-013  -0.1804702744E-014   0.4330994168E-010   0.3301209464E-011   0.2960593454E-013   0.1754325856E-013
   0.3021590275E-013   0.6222725068E-014   0.4109726990E-010   0.1630346707E-011   0.1961272338E-013   0.1313697658E-013
   0.2425270711E-013   0.1055707171E-014   0.3888155017E-010   0.9343019125E-013   0.2137494372E-013   0.1320337451E-013
   0.1859318845E-013  -0.2927996759E-014   0.3671032834E-010  -0.1291933635E-011   0.1803960828E-013   0.9981960662E-014
   0.9025515044E-014  -0.6508491995E-014   0.3455782228E-010  -0.2549142800E-011   0.1075616462E-013   0.4270259245E-014
   0.3580233724E-014  -0.6718798567E-014   0.3245242664E-010  -0.3671594575E-011   0.1578106943E-013   0.5940274732E-014
   0.1444780884E-014  -0.5880292230E-014   0.3040785549E-010  -0.4656596939E-011   0.1070633781E-013   0.2648691008E-014
  -0.3604991284E-015  -0.9134228443E-014   0.2841770648E-010  -0.5524795917E-011   0.1702080783E-013   0.3843816335E-014
   0.5821317911E-014  -0.6105389206E-014   0.2648932686E-010  -0.6273445993E-011   0.1395933916E-013   0.2845416693E-014
   0.3110622923E-014  -0.7695481850E-014   0.2464058098E-010  -0.6909021022E-011   0.1370840387E-013   0.1266613592E-014
   0.6724530913E-014  -0.5576428670E-014   0.2286182787E-010  -0.7442440823E-011   0.1114934272E-013   0.4636252214E-015
   0.3945940729E-014  -0.6056312800E-014   0.2115460671E-010  -0.7880735643E-011   0.8199877267E-014  -0.3449654526E-015
   0.3001824710E-014  -0.6453213191E-014   0.1952346289E-010  -0.8228112180E-011   0.7160757254E-014   0.3471563070E-015
   0.2883943371E-014  -0.6582696847E-014   0.1796649843E-010  -0.8493225735E-011   0.3619868987E-014   0.8862640057E-015
   0.1823006825E-014  -0.6174617140E-014   0.1650576727E-010  -0.8680528653E-011   0.1332347173E-014   0.1231813309E-014
  -0.4840376277E-015  -0.4060475282E-014   0.1510365061E-010  -0.8801377583E-011  -0.1504785385E-014   0.2589898162E-014
  -0.3535068616E-014  -0.2975066424E-014   0.1379438031E-010  -0.8859287803E-011  -0.3577123222E-015   0.3758509779E-014
  -0.5723780455E-015  -0.1926847099E-014   0.1255294129E-010  -0.8862182806E-011  -0.1678317452E-014   0.5548847633E-014
  -0.3518286243E-014  -0.1086318104E-014   0.1138894329E-010  -0.8814909006E-011  -0.5221134207E-014   0.6530749049E-014
  -0.3249014795E-014  -0.9910488989E-015   0.1029807870E-010  -0.8724230750E-011  -0.7088430013E-014   0.6567046658E-014
  -0.5411199917E-014   0.7292913149E-015   0.9275627419E-011  -0.8595103920E-011  -0.8160878844E-014   0.7489571670E-014
  -0.8104365166E-014   0.1767638547E-014   0.8320357715E-011  -0.8433254464E-011  -0.4157500224E-014   0.6803033726E-014
  -0.9838357550E-014   0.2784192158E-014   0.7436141788E-011  -0.8243817548E-011  -0.5723985977E-014   0.7188646328E-014
  -0.9926321360E-014   0.3146639759E-014   0.6606292041E-011  -0.8027441355E-011  -0.5603239302E-014   0.6742487806E-014
  -0.1115161974E-013   0.4328636877E-014   0.5843354540E-011  -0.7792816383E-011  -0.7819034278E-014   0.7724265343E-014
  -0.1377326732E-013   0.5217303106E-014   0.5132773657E-011  -0.7539803313E-011  -0.7431769423E-014   0.7555798517E-014
  -0.1342713324E-013   0.6770763885E-014   0.4482392792E-011  -0.7275140079E-011  -0.7369794172E-014   0.7872917089E-014
  -0.1628698182E-013   0.8601804275E-014   0.3883317217E-011  -0.6999518086E-011  -0.8347568445E-014   0.8104705998E-014
