  -0.1103294884E-013  -0.1660893617E-013  -0.1303975537E-010   0.5057006700E-011   0.1368981988E-013   0.7592778829E-014
  -0.8073791845E-014  -0.1594959710E-013  -0.1412787513E-010   0.4778945275E-011   0.1274506231E-013   0.2407319895E-014
  -0.1273480714E-013  -0.1680034717E-013  -0.1527964843E-010   0.4437692256E-011   0.1454931766E-013   0.1184611627E-013
  -0.1933555416E-013  -0.1750790070E-013  -0.1648548645E-010   0.4020704647E-011   0.1618325094E-013   0.1939135977E-013
  -0.1562042044E-013  -0.1574914364E-013  -0.1776433678E-010   0.3519513945E-011   0.1158831774E-013   0.9396975990E-014
  -0.1521837825E-013  -0.1833425896E-013  -0.1909316157E-010   0.2925775568E-011   0.1234582846E-013   0.7959923313E-014
  -0.1573900833E-013  -0.2090879576E-013  -0.2046508119E-010   0.2262501843E-011   0.1445981115E-013   0.1797381466E-013
  -0.5910363109E-014  -0.1651873372E-013  -0.2189321470E-010   0.1487348362E-011   0.1509345578E-013   0.1372661494E-013
  -0.5192294010E-014  -0.1157378640E-013  -0.2336708715E-010   0.6264821352E-012   0.1160292543E-013   0.1038481673E-013
  -0.5524582474E-014  -0.1584334986E-013  -0.2489936065E-010  -0.3643569768E-012   0.1379272252E-013   0.2054544391E-013
  -0.1324890914E-013  -0.1558361440E-013  -0.2646102743E-010  -0.1460707909E-011   0.1410980738E-013   0.2292235569E-013
  -0.1149924571E-013  -0.1720882985E-013  -0.2806173160E-010  -0.2676687803E-011   0.1295309702E-013   0.2625265827E-013
  -0.1421046941E-013  -0.1517063896E-013  -0.2971173218E-010  -0.4074110177E-011   0.1039142054E-013   0.1654840758E-013
  -0.1649272973E-013  -0.1229321053E-013  -0.3137560518E-010  -0.5558008047E-011   0.8032200025E-014   0.1448064311E-013
  -0.1445145762E-013  -0.9442690022E-014  -0.3310401148E-010  -0.7239287008E-011   0.8040558491E-014   0.1778486153E-013
  -0.1548393286E-014   0.1182489347E-013  -0.3482666242E-010  -0.9034789780E-011   0.3934510115E-014  -0.2303955319E-014
   0.9441360139E-014   0.2413013913E-013  -0.3658889324E-010  -0.1100333167E-010   0.2284025320E-014  -0.7461196858E-014
   0.1821929031E-013   0.5049646377E-013  -0.3831956555E-010  -0.1310798742E-010  -0.6936089652E-016  -0.1964608530E-013
   0.1365818807E-013   0.5184989798E-013  -0.4006000774E-010  -0.1537836228E-010   0.1637593724E-014  -0.6019905714E-014
   0.1899965727E-013   0.7343461305E-013  -0.4178341292E-010  -0.1777613713E-010  -0.2060826581E-014  -0.7070495443E-014
   0.3328472312E-013   0.1092477932E-012  -0.4349397306E-010  -0.2036457656E-010   0.6059836713E-014  -0.1014640867E-013
   0.3253210504E-013   0.9891651865E-013  -0.4514238682E-010  -0.2303503447E-010  -0.7824731238E-014   0.2528172037E-015
   0.2473011341E-013   0.1012899387E-012  -0.4674577818E-010  -0.2584805478E-010  -0.1714006043E-013  -0.2994973482E-014
   0.3764677773E-013   0.1478935761E-012  -0.4830160807E-010  -0.2885420163E-010  -0.9066079279E-014  -0.2728340028E-013
   0.4821251610E-013   0.1597302722E-012  -0.4976386179E-010  -0.3191994064E-010  -0.2298294076E-013  -0.5444226303E-013
   0.5884951736E-013   0.2158673132E-012  -0.5113315726E-010  -0.3499560811E-010  -0.1316904428E-013  -0.6194221154E-013
   0.5065955830E-013   0.1779067596E-012  -0.5237069006E-010  -0.3808296255E-010  -0.9554209140E-014  -0.4352284053E-013
   0.3842643031E-013   0.1720317756E-012  -0.5350189802E-010  -0.4120061528E-010  -0.3650061560E-014  -0.3614945419E-013
   0.4407552480E-013   0.1771586425E-012  -0.5450503057E-010  -0.4428334045E-010   0.1440995069E-014  -0.4261439404E-013
   0.4407492722E-013   0.1984346676E-012  -0.5536763995E-010  -0.4733137865E-010   0.9069934572E-015  -0.5098582758E-013
   0.4586102148E-013   0.2244005996E-012  -0.5607359581E-010  -0.5023362258E-010   0.5036418893E-014  -0.5010531509E-013
   0.3215006750E-013   0.2218276615E-012  -0.5660895450E-010  -0.5293692878E-010   0.1066129893E-013  -0.2368619063E-013
   0.2126838580E-013   0.1861022861E-012  -0.5695294021E-010  -0.5537585070E-010   0.1607738535E-013   0.4821607175E-014
   0.1430962381E-013   0.1849287787E-012  -0.5709996047E-010  -0.5746793826E-010   0.1296216527E-013   0.6358687341E-014
   0.6079026345E-014   0.1664227135E-012  -0.5704077559E-010  -0.5926275761E-010   0.1891128973E-013  -0.7216362866E-014
  -0.1300224143E-013   0.1033152306E-012  -0.5679467019E-010  -0.6071419407E-010   0.1070363292E-013   0.1222759388E-013
  -0.9497838962E-014   0.1077064847E-012  -0.5632260787E-010  -0.6157298337E-010   0.1021743429E-013   0.1917886912E-013
  -0.2850184541E-013   0.6648190569E-013  -0.5563730068E-010  -0.6185307360E-010   0.9410738464E-014   0.1626613379E-013
  -0.4092922554E-013  -0.3437149198E-013  -0.5472981700E-010  -0.6143993821E-010   0.4541951167E-014  -0.1121670668E-013
  -0.2582422423E-013  -0.3719605757E-013  -0.5363249834E-010  -0.6067622443E-010   0.9611630499E-014  -0.6667235371E-014
  -0.4960939485E-013  -0.7966673045E-013  -0.5227005020E-010  -0.5918131590E-010   0.2164019353E-013  -0.3256396601E-013
  -0.3968639408E-013  -0.5695249883E-013  -0.5069718987E-010  -0.5704553807E-010   0.1310478372E-013  -0.2056339593E-013
  -0.4705593400E-013  -0.1044469844E-012  -0.4890965316E-010  -0.5431553344E-010   0.1337729290E-013   0.6937531820E-014
  -0.6936941209E-013   0.5985912470E-015  -0.4690337897E-010  -0.5095482267E-010   0.4807233680E-014  -0.2994682044E-013
  -0.9020735913E-013  -0.8406812160E-013  -0.4465693725E-010  -0.4714113872E-010   0.1456571476E-013   0.1132790353E-013
  -0.6896199472E-013   0.2980148993E-013  -0.4215870015E-010  -0.4256745692E-010  -0.1126093525E-013  -0.8875563640E-014
  -0.6366389199E-013   0.3874318587E-013  -0.3946067735E-010  -0.3766304180E-010  -0.4157481919E-014  -0.3756608450E-013
  -0.5597682778E-013   0.1988514862E-013  -0.3648161632E-010  -0.3248889478E-010  -0.5986781744E-014  -0.4405785240E-013
  -0.5636057830E-013  -0.7311894982E-014  -0.3328698207E-010  -0.2701610566E-010  -0.6596077965E-014  -0.3090597209E-013
   0.5280489641E-014   0.1149099451E-012  -0.2990150627E-010  -0.2133851618E-010  -0.2941505143E-013  -0.2876188803E-013
  -0.1994856026E-013   0.1015065027E-013  -0.2627078455E-010  -0.1563317773E-010  -0.1718552258E-013  -0.3761793343E-013
  -0.1336017035E-014   0.2524051596E-013  -0.2244504884E-010  -0.9547054243E-011  -0.1291855249E-013  -0.6464221794E-013
   0.5787485594E-014   0.7528382990E-014  -0.1845901625E-010  -0.3487625187E-011  -0.1400645228E-013  -0.5709253461E-013
   0.2609892783E-013   0.6691038739E-013  -0.1434543838E-010   0.2234787903E-011  -0.1858095811E-013  -0.4543344214E-013
   0.1908538274E-013   0.5100237061E-013  -0.1007904246E-010   0.8202943263E-011  -0.3266776422E-013  -0.2354952094E-013
   0.3171476596E-013   0.5736035527E-015  -0.5736502156E-011   0.1369623623E-010  -0.4048191374E-013  -0.4332173971E-014
  -0.1763087954E-013   0.4011475584E-013  -0.1276139675E-011   0.1897089767E-010   0.5232424419E-014  -0.8436782142E-013
  -0.1205304860E-013  -0.3531923424E-013   0.3223953032E-011   0.2378794066E-010  -0.1234727456E-013  -0.5320929973E-013
   0.2582901884E-013   0.3739643213E-013   0.7735658476E-011   0.2828749015E-010  -0.7569914986E-014  -0.4595051160E-013
   0.1292583381E-013  -0.9344069160E-014   0.1223790116E-010   0.3257168715E-010  -0.1096728089E-013  -0.2682559384E-013
   0.2287920117E-013  -0.1379885055E-015   0.1671562398E-010   0.3619810892E-010  -0.4467393447E-016  -0.4165007847E-013
   0.3411867338E-014  -0.2300072309E-013   0.2114385334E-010   0.3953381879E-010   0.4999986615E-015  -0.2937602560E-013
   0.2384651874E-013  -0.8441969247E-013   0.2544258667E-010   0.4246769083E-010   0.2079920165E-014  -0.1801325214E-013
   0.1074678738E-013  -0.6918506282E-013   0.2963575575E-010   0.4498774342E-010   0.3373484423E-014   0.9276909170E-014
  -0.2537547870E-013  -0.1464608638E-012   0.3367093757E-010   0.4694515008E-010   0.5586967904E-014   0.1246512688E-014
  -0.6520486144E-013  -0.1756338026E-012   0.3760846208E-010   0.4860853368E-010   0.6720444922E-014  -0.2102702645E-013
  -0.6459720000E-013  -0.1312842185E-012   0.4127429202E-010   0.4972735061E-010   0.2263324733E-014   0.1927943575E-015
  -0.4540296181E-013  -0.8194428887E-013   0.4471767082E-010   0.5040275337E-010   0.8843284001E-014   0.1505666365E-013
  -0.6349732028E-013  -0.1397167440E-012   0.4794347286E-010   0.5080543176E-010   0.4464364707E-014   0.3783478198E-015
  -0.5550766193E-013  -0.8250582021E-013   0.5088597221E-010   0.5088987707E-010   0.4456467533E-014  -0.1270645202E-013
  -0.1115057204E-013   0.1003118999E-013   0.5356140180E-010   0.5057345168E-010   0.4653168272E-016   0.8495642786E-014
  -0.3085071744E-013  -0.6883714874E-013   0.5594187688E-010   0.4994253022E-010   0.1602851101E-013   0.1413854361E-013
  -0.3692865321E-013  -0.4869625181E-013   0.5805092700E-010   0.4908670343E-010   0.1104414808E-013   0.1860642333E-013
  -0.3875587913E-013  -0.2772193632E-013   0.5984617657E-010   0.4782072899E-010   0.9295706377E-014  -0.3891691912E-014
  -0.4939062806E-013  -0.1620857553E-013   0.6130587946E-010   0.4631708659E-010  -0.1922827859E-014  -0.3379585750E-013
  -0.6397972300E-013  -0.2547194511E-013   0.6245465574E-010   0.4462296165E-010   0.1224591839E-013  -0.3442712115E-013
  -0.7601525413E-013  -0.2253973000E-013   0.6330272730E-010   0.4272287781E-010  -0.2838546841E-014  -0.5148667858E-013
  -0.8974867328E-013  -0.6965096739E-013   0.6383528781E-010   0.4066515056E-010   0.6769856617E-014  -0.5777534064E-013
  -0.9446771098E-013  -0.8980274640E-013   0.6403491444E-010   0.3838075271E-010   0.6140546365E-014  -0.7836034632E-013
  -0.8921731826E-013  -0.6698164654E-013   0.6399029454E-010   0.3601556523E-010   0.2950599666E-014  -0.7265650481E-013
  -0.7302367915E-013  -0.7593537634E-013   0.6368164231E-010   0.3362926445E-010   0.2082292482E-013  -0.5114767122E-013
  -0.4592259256E-013  -0.5400956941E-013   0.6306195065E-010   0.3105805019E-010   0.2022273951E-013  -0.2855149469E-013
  -0.1955747615E-013  -0.2668859269E-013   0.6225758748E-010   0.2855375059E-010   0.2022137379E-013  -0.2818116824E-013
  -0.3400773838E-013  -0.5529658955E-013   0.6116921220E-010   0.2591288435E-010   0.1646922523E-013  -0.4910245924E-013
   0.5454534839E-015  -0.1122543443E-013   0.5988863009E-010   0.2330297512E-010   0.1415737102E-013  -0.3252781685E-013
   0.1297701623E-013  -0.5649619815E-014   0.5845786453E-010   0.2077499487E-010   0.1257943783E-013  -0.2976486903E-013
  -0.6647566845E-014  -0.2893633650E-013   0.5685107638E-010   0.1825424835E-010   0.7629800578E-015  -0.5365262881E-013
   0.3002158551E-013   0.2015077908E-013   0.5510312140E-010   0.1581113837E-010   0.5289134256E-014  -0.1799701058E-013
   0.3570393919E-013   0.3898823457E-013   0.5328738864E-010   0.1350029957E-010   0.7052547687E-014  -0.1015246992E-013
   0.2410278814E-013   0.1945045771E-013   0.5135826965E-010   0.1127149678E-010   0.1137423142E-013  -0.8302566132E-014
   0.3663598654E-013   0.3191052226E-013   0.4933627751E-010   0.9129402360E-011   0.9211963003E-014   0.1158354208E-014
   0.9959628106E-014   0.6784311176E-014   0.4726419603E-010   0.7114040371E-011   0.3820848231E-014  -0.9856949273E-014
   0.2438727300E-013   0.2053616543E-013   0.4515869595E-010   0.5240107224E-011   0.8444483045E-014   0.1920843180E-013
   0.2611735452E-013   0.2170290124E-013   0.4300537549E-010   0.3457452837E-011   0.8027383425E-014   0.2087825465E-013
   0.3095712141E-013   0.2680195788E-013   0.4087316963E-010   0.1834433875E-011   0.3384644399E-014   0.3458087557E-013
   0.1892047407E-013   0.1859048464E-013   0.3872633539E-010   0.3280491088E-012   0.6048799678E-014   0.2861673337E-013
   0.2155916951E-014   0.4808137121E-014   0.3663745751E-010  -0.1007642424E-011   0.6107821093E-014   0.2219036605E-013
  -0.9675800636E-015   0.5786280220E-014   0.3453420175E-010  -0.2261808724E-011  -0.1391512107E-014   0.9873555562E-014
  -0.5923481624E-014   0.1072874581E-013   0.3249670212E-010  -0.3370822969E-011   0.1548230734E-014   0.1193791708E-013
  -0.1183170728E-013   0.8104673099E-014   0.3049766550E-010  -0.4356298050E-011  -0.4394878059E-014  -0.2933840359E-015
  -0.1598085724E-013   0.6315368416E-014   0.2856371060E-010  -0.5235224839E-011   0.4087156946E-014  -0.3328861189E-014
  -0.9368639058E-014   0.9898579511E-014   0.2667984088E-010  -0.5983893221E-011   0.7829964501E-014   0.7967458715E-014
  -0.1212256018E-013   0.7338627323E-014   0.2487102954E-010  -0.6617723750E-011   0.4214902056E-014  -0.3226254104E-014
  -0.4997329728E-014   0.1042968439E-013   0.2311947760E-010  -0.7163673515E-011   0.1813037360E-014   0.1439934702E-014
  -0.5661327380E-014   0.1244954926E-013   0.2143475455E-010  -0.7625709772E-011   0.1007031322E-014  -0.1793395458E-014
  -0.9611620762E-015   0.8178916898E-014   0.1982568770E-010  -0.7995306806E-011   0.2404398034E-014   0.4123196218E-014
   0.2426318192E-014   0.8617364323E-014   0.1827957199E-010  -0.8296578431E-011  -0.9078846236E-015  -0.7696089408E-015
   0.4808865533E-015   0.1107101547E-013   0.1683554174E-010  -0.8501409275E-011  -0.2456858159E-015  -0.6980013887E-014
  -0.4049989924E-014   0.6152353122E-014   0.1545357205E-010  -0.8647468322E-011  -0.4363297591E-014  -0.8384774196E-014
  -0.7809188602E-014   0.4932300784E-014   0.1415509552E-010  -0.8731333411E-011  -0.5016152791E-014  -0.8819281304E-014
  -0.9020495261E-015   0.6271377349E-014   0.1293413828E-010  -0.8761797302E-011   0.1776373758E-014   0.3903465029E-014
  -0.1955517176E-014  -0.1494664509E-015   0.1178020801E-010  -0.8731590035E-011   0.3388625393E-014   0.5864850144E-014
   0.4786549012E-014  -0.4783702484E-015   0.1069584412E-010  -0.8662315374E-011   0.7099377250E-014   0.9448757364E-014
   0.6043316230E-014   0.5019075603E-015   0.9678904048E-011  -0.8549541212E-011   0.7435104013E-014   0.1028468071E-013
   0.5931934489E-014   0.4674168906E-014   0.8723722902E-011  -0.8407163321E-011   0.1174861543E-013   0.8077435910E-014
   0.2992765334E-014   0.4558717296E-014   0.7841888481E-011  -0.8232979513E-011   0.1145059446E-013   0.6266115950E-014
   0.3084635691E-014   0.5968073500E-014   0.7006526757E-011  -0.8038907255E-011   0.7440014783E-014   0.1261718627E-014
   0.3044967076E-014   0.3578108831E-014   0.6231742786E-011  -0.7820352958E-011   0.4985214848E-014   0.2426618355E-014
   0.7611888954E-015   0.6330702958E-014   0.5506059635E-011  -0.7582923508E-011   0.6694869488E-015  -0.4537658304E-014
  -0.5500377542E-016   0.4154407992E-014   0.4841022201E-011  -0.7337280857E-011  -0.1572131343E-014  -0.2087529807E-014
  -0.2008651593E-014   0.4844761514E-014   0.4225324557E-011  -0.7077470729E-011  -0.6139841013E-014  -0.5628237327E-014
