   0.9514966328E-013  -0.2770805539E-012   0.1252620792E-013  -0.7030905411E-013  -0.2967413468E-012   0.1119953191E-012
   0.1043495948E-012  -0.2808014550E-012   0.1489865334E-013  -0.7370938712E-013  -0.3134014001E-012   0.9186480078E-013
   0.1139311946E-012  -0.2840929469E-012   0.1730658735E-013  -0.7709218454E-013  -0.3296920536E-012   0.7016617875E-013
   0.1244818250E-012  -0.2870967058E-012   0.2018730803E-013  -0.8040160864E-013  -0.3455069424E-012   0.4599817125E-013
   0.1350660205E-012  -0.2898985681E-012   0.2310157456E-013  -0.8421881239E-013  -0.3606639994E-012   0.1896087310E-013
   0.1456413112E-012  -0.2917948420E-012   0.2646302604E-013  -0.8838364466E-013  -0.3752016233E-012  -0.9847470774E-014
   0.1565215296E-012  -0.2931700595E-012   0.2970303914E-013  -0.9189536776E-013  -0.3886120733E-012  -0.4150082452E-013
   0.1678385168E-012  -0.2940503367E-012   0.3324869091E-013  -0.9597384313E-013  -0.4016073819E-012  -0.7531176327E-013
   0.1776890502E-012  -0.2940693513E-012   0.3664524869E-013  -0.9985098441E-013  -0.4123788311E-012  -0.1124080022E-012
   0.1880973579E-012  -0.2930794941E-012   0.4070013868E-013  -0.1037291586E-012  -0.4215432465E-012  -0.1519005225E-012
   0.1982217484E-012  -0.2914132505E-012   0.4566960079E-013  -0.1080439870E-012  -0.4286044757E-012  -0.1941073356E-012
   0.2068192349E-012  -0.2875563259E-012   0.5111419989E-013  -0.1125643056E-012  -0.4342294881E-012  -0.2395595330E-012
   0.2171992335E-012  -0.2841945192E-012   0.5544466442E-013  -0.1163192611E-012  -0.4375086556E-012  -0.2876602755E-012
   0.2269032290E-012  -0.2800549666E-012   0.6014436045E-013  -0.1208535175E-012  -0.4386544682E-012  -0.3387772659E-012
   0.2350490623E-012  -0.2743623294E-012   0.6611456541E-013  -0.1248870002E-012  -0.4368424033E-012  -0.3924238648E-012
   0.2429972964E-012  -0.2675006994E-012   0.7070807977E-013  -0.1284948009E-012  -0.4324562286E-012  -0.4488788998E-012
   0.2503329489E-012  -0.2593892022E-012   0.7642288279E-013  -0.1327773193E-012  -0.4257848019E-012  -0.5071917995E-012
   0.2572272661E-012  -0.2506300791E-012   0.8370399801E-013  -0.1375546655E-012  -0.4153124353E-012  -0.5689886046E-012
   0.2623499320E-012  -0.2399419884E-012   0.8968110397E-013  -0.1414195656E-012  -0.4014722489E-012  -0.6331774953E-012
   0.2661069870E-012  -0.2277866242E-012   0.9655466953E-013  -0.1451304022E-012  -0.3844978017E-012  -0.7000472405E-012
   0.2688924441E-012  -0.2149983681E-012   0.1036729285E-012  -0.1486861424E-012  -0.3650175881E-012  -0.7683132011E-012
   0.2707206441E-012  -0.2005572502E-012   0.1113168079E-012  -0.1531543141E-012  -0.3420813961E-012  -0.8384182697E-012
   0.2704659855E-012  -0.1849264722E-012   0.1193788564E-012  -0.1572189051E-012  -0.3151687141E-012  -0.9095705062E-012
   0.2697066393E-012  -0.1685424775E-012   0.1261259838E-012  -0.1601437692E-012  -0.2851427231E-012  -0.9823070975E-012
   0.2644225272E-012  -0.1489565146E-012   0.1346252243E-012  -0.1640995960E-012  -0.2510807507E-012  -0.1056177352E-011
   0.2604798562E-012  -0.1304560566E-012   0.1407689269E-012  -0.1666332659E-012  -0.2116418132E-012  -0.1130679379E-011
   0.2499032848E-012  -0.1085942376E-012   0.1504203299E-012  -0.1710438133E-012  -0.1684178497E-012  -0.1205957417E-011
   0.2421236163E-012  -0.8644966179E-013   0.1544084922E-012  -0.1729755686E-012  -0.1194450860E-012  -0.1280643260E-011
   0.2277528285E-012  -0.6153318383E-013   0.1633743495E-012  -0.1762921195E-012  -0.6646092976E-013  -0.1355189518E-011
   0.2117408185E-012  -0.3589585132E-013   0.1719208559E-012  -0.1787433613E-012  -0.1122511197E-013  -0.1427791432E-011
   0.1919439046E-012  -0.8643980454E-014   0.1799519109E-012  -0.1812763827E-012   0.4619678404E-013  -0.1498336353E-011
   0.1714992516E-012   0.1986268264E-013   0.1874369455E-012  -0.1830218300E-012   0.1069324235E-012  -0.1566278527E-011
   0.1473205174E-012   0.4983896181E-013   0.1946873720E-012  -0.1846422798E-012   0.1690739004E-012  -0.1630957093E-011
   0.1188673223E-012   0.8167143125E-013   0.1999490056E-012  -0.1856564056E-012   0.2321724452E-012  -0.1690967355E-011
   0.8864079969E-013   0.1140248353E-012   0.2036552320E-012  -0.1857515099E-012   0.2960276985E-012  -0.1746804835E-011
   0.5444143611E-013   0.1481135578E-012   0.2114718855E-012  -0.1865267529E-012   0.3626596354E-012  -0.1797462895E-011
   0.1812014673E-013   0.1824773032E-012   0.2186437417E-012  -0.1865620177E-012   0.4260118931E-012  -0.1841534765E-011
  -0.2176076797E-013   0.2182325194E-012   0.2216773806E-012  -0.1860170168E-012   0.4905151887E-012  -0.1878665792E-011
  -0.6312434248E-013   0.2544580673E-012   0.2229766528E-012  -0.1844421403E-012   0.5517702454E-012  -0.1907819120E-011
  -0.1086091240E-012   0.2917628960E-012   0.2252867667E-012  -0.1827342837E-012   0.6084308874E-012  -0.1928815500E-011
  -0.1563456562E-012   0.3295973814E-012   0.2276118789E-012  -0.1800586860E-012   0.6634605255E-012  -0.1940455681E-011
  -0.2044527456E-012   0.3679071056E-012   0.2293492551E-012  -0.1767844105E-012   0.7116773853E-012  -0.1941859563E-011
  -0.2541213476E-012   0.4059464460E-012   0.2330270317E-012  -0.1729794794E-012   0.7525304076E-012  -0.1932761564E-011
  -0.3143069702E-012   0.4438349639E-012   0.2261208465E-012  -0.1679839455E-012   0.7865365659E-012  -0.1912391028E-011
  -0.3652216206E-012   0.4824861199E-012   0.2221076256E-012  -0.1632519363E-012   0.8146861746E-012  -0.1880341843E-011
  -0.4194189532E-012   0.5198084461E-012   0.2175428070E-012  -0.1565718193E-012   0.8335545092E-012  -0.1836012818E-011
  -0.4761243162E-012   0.5561665334E-012   0.2088473365E-012  -0.1502235617E-012   0.8395566607E-012  -0.1779995951E-011
  -0.5292899148E-012   0.5922808735E-012   0.2033931702E-012  -0.1421931681E-012   0.8399537320E-012  -0.1710754699E-011
  -0.5859746125E-012   0.6263729892E-012   0.1921035651E-012  -0.1343343198E-012   0.8276133350E-012  -0.1629682030E-011
  -0.6380215130E-012   0.6594566687E-012   0.1821517804E-012  -0.1255496623E-012   0.8028706883E-012  -0.1536341716E-011
  -0.6859736508E-012   0.6902116064E-012   0.1712464215E-012  -0.1159211593E-012   0.7689713594E-012  -0.1431225447E-011
  -0.7321386402E-012   0.7182476414E-012   0.1559592693E-012  -0.1055958341E-012   0.7186103629E-012  -0.1313546748E-011
  -0.7787760901E-012   0.7448727320E-012   0.1432580950E-012  -0.9522193251E-013   0.6599815273E-012  -0.1186477054E-011
  -0.8169122778E-012   0.7673059127E-012   0.1300557153E-012  -0.8355999676E-013   0.5909270712E-012  -0.1048868041E-011
  -0.8524844133E-012   0.7874659426E-012   0.1085797104E-012  -0.7097770454E-013   0.5140735624E-012  -0.9023680228E-012
  -0.8853328274E-012   0.8064842564E-012   0.9131809085E-013  -0.5913414340E-013   0.4319251531E-012  -0.7498860513E-012
  -0.9098874720E-012   0.8201066291E-012   0.7455977970E-013  -0.4687192773E-013   0.3417110398E-012  -0.5892126466E-012
  -0.9273774077E-012   0.8299534809E-012   0.5131547727E-013  -0.3250026529E-013   0.2476047789E-012  -0.4249027184E-012
  -0.9408465749E-012   0.8371888811E-012   0.3297421355E-013  -0.2024601324E-013   0.1493960101E-012  -0.2564916456E-012
  -0.9462909802E-012   0.8398447216E-012   0.9770234009E-014  -0.6086301707E-014   0.4748949496E-013  -0.8516800090E-013
  -0.9497400009E-012   0.8416657047E-012  -0.8779555604E-014   0.6036305047E-014  -0.5362119224E-013   0.8688036819E-013
  -0.9412008957E-012   0.8373029847E-012  -0.2996098038E-013   0.1986106219E-013  -0.1586969125E-012   0.2591786896E-012
  -0.9257209028E-012   0.8294807433E-012  -0.4894131846E-013   0.3142029724E-013  -0.2593519376E-012   0.4279771505E-012
  -0.9029644532E-012   0.8172401167E-012  -0.7324214981E-013   0.4678981756E-013  -0.3490803553E-012   0.5905822590E-012
  -0.8807080415E-012   0.8052711255E-012  -0.8775401248E-013   0.5762310168E-013  -0.4383399729E-012   0.7503236660E-012
  -0.8547674749E-012   0.7900046705E-012  -0.1070236852E-012   0.6954162033E-013  -0.5235490363E-012   0.9044213529E-012
  -0.8119742484E-012   0.7648376844E-012  -0.1265117742E-012   0.8324756824E-013  -0.5984453732E-012   0.1049723806E-011
  -0.7751304427E-012   0.7428829245E-012  -0.1402466982E-012   0.9274252679E-013  -0.6635806398E-012   0.1186852611E-011
  -0.7312055138E-012   0.7174400516E-012  -0.1555251814E-012   0.1049047102E-012  -0.7204344976E-012   0.1312318108E-011
  -0.6845883628E-012   0.6886627109E-012  -0.1669610582E-012   0.1141777793E-012  -0.7675834630E-012   0.1429745075E-011
  -0.6360957663E-012   0.6585990620E-012  -0.1796098309E-012   0.1245397162E-012  -0.8024126641E-012   0.1535792073E-011
  -0.5860850438E-012   0.6269187085E-012  -0.1932816578E-012   0.1336801827E-012  -0.8237754957E-012   0.1629211804E-011
  -0.5267642180E-012   0.5915292759E-012  -0.2016837165E-012   0.1414277456E-012  -0.8349613675E-012   0.1710508140E-011
  -0.4754372295E-012   0.5560828440E-012  -0.2104129798E-012   0.1498528689E-012  -0.8397921394E-012   0.1779798102E-011
  -0.4220666913E-012   0.5193050077E-012  -0.2133883913E-012   0.1558282562E-012  -0.8295958542E-012   0.1836564842E-011
  -0.3705377190E-012   0.4829251861E-012  -0.2208677265E-012   0.1623726338E-012  -0.8107306280E-012   0.1880940098E-011
  -0.3110718375E-012   0.4443150969E-012  -0.2238983794E-012   0.1677765242E-012  -0.7874470402E-012   0.1913330851E-011
  -0.2561142879E-012   0.4049474980E-012  -0.2253797442E-012   0.1724702517E-012  -0.7533842847E-012   0.1933935255E-011
  -0.2028890899E-012   0.3677260029E-012  -0.2261458579E-012   0.1762948956E-012  -0.7094237252E-012   0.1942843542E-011
  -0.1533448493E-012   0.3291627951E-012  -0.2274541972E-012   0.1793690306E-012  -0.6601141665E-012   0.1941377904E-011
  -0.1091931306E-012   0.2912872696E-012  -0.2245959855E-012   0.1821725747E-012  -0.6055426115E-012   0.1929824486E-011
  -0.6164321216E-013   0.2541051974E-012  -0.2271384557E-012   0.1841680677E-012  -0.5485671068E-012   0.1908915830E-011
  -0.1846993653E-013   0.2173653809E-012  -0.2235716503E-012   0.1854669535E-012  -0.4856050718E-012   0.1879905575E-011
   0.2199618255E-013   0.1818915767E-012  -0.2164941474E-012   0.1859502812E-012  -0.4198778223E-012   0.1842256600E-011
   0.5745974865E-013   0.1473088715E-012  -0.2141140511E-012   0.1863138718E-012  -0.3560613397E-012   0.1797982869E-011
   0.8799191341E-013   0.1143019409E-012  -0.2057465396E-012   0.1852806514E-012  -0.2895901893E-012   0.1747097406E-011
   0.1211700209E-012   0.8124756414E-013  -0.2012662176E-012   0.1852326589E-012  -0.2266095487E-012   0.1691514774E-011
   0.1482825096E-012   0.5075651759E-013  -0.1929458622E-012   0.1833793212E-012  -0.1622227303E-012   0.1630554542E-011
   0.1713962347E-012   0.2028141440E-013  -0.1894139294E-012   0.1825272152E-012  -0.1019818314E-012   0.1566772872E-011
   0.1944180119E-012  -0.8570571830E-014  -0.1787107042E-012   0.1798411728E-012  -0.4336508506E-013   0.1499302290E-011
   0.2133239357E-012  -0.3609990871E-013  -0.1725668079E-012   0.1789222486E-012   0.1346582332E-013   0.1428738194E-011
   0.2262621868E-012  -0.6110023576E-013  -0.1669303890E-012   0.1766548241E-012   0.6920534336E-013   0.1355998323E-011
   0.2395099888E-012  -0.8554086680E-013  -0.1582517571E-012   0.1736536495E-012   0.1205483752E-012   0.1281679585E-011
   0.2518550084E-012  -0.1087098515E-012  -0.1492212924E-012   0.1702538283E-012   0.1671102473E-012   0.1207446211E-011
   0.2585037603E-012  -0.1292409707E-012  -0.1409607000E-012   0.1671574147E-012   0.2112567919E-012   0.1132019946E-011
   0.2642229465E-012  -0.1490897816E-012  -0.1339000517E-012   0.1632618685E-012   0.2500848637E-012   0.1057283594E-011
   0.2692354126E-012  -0.1682884716E-012  -0.1278852593E-012   0.1605668473E-012   0.2850892188E-012   0.9831837797E-012
   0.2722215760E-012  -0.1857704011E-012  -0.1205032299E-012   0.1566199282E-012   0.3164673828E-012   0.9101083677E-012
   0.2728477186E-012  -0.2014361989E-012  -0.1126828932E-012   0.1525881785E-012   0.3447814330E-012   0.8381633907E-012
   0.2713960382E-012  -0.2149772096E-012  -0.1071729380E-012   0.1498161693E-012   0.3689570546E-012   0.7675659521E-012
   0.2693302748E-012  -0.2283942051E-012  -0.9965758578E-013   0.1456067883E-012   0.3883036346E-012   0.6985470126E-012
   0.2656211338E-012  -0.2402900878E-012  -0.9328968973E-013   0.1415240853E-012   0.4039778828E-012   0.6325681573E-012
   0.2593833345E-012  -0.2502891234E-012  -0.8595519425E-013   0.1372775086E-012   0.4172019550E-012   0.5680149676E-012
   0.2526715949E-012  -0.2597994218E-012  -0.7991686408E-013   0.1333818375E-012   0.4262103390E-012   0.5071086102E-012
   0.2456573350E-012  -0.2681300550E-012  -0.7314373056E-013   0.1288804299E-012   0.4330154894E-012   0.4480165903E-012
   0.2370816745E-012  -0.2744470009E-012  -0.6746381018E-013   0.1249470946E-012   0.4373670375E-012   0.3915646529E-012
   0.2291668755E-012  -0.2804708872E-012  -0.6176529835E-013   0.1204303940E-012   0.4385440964E-012   0.3381038539E-012
   0.2203546038E-012  -0.2854896755E-012  -0.5634064660E-013   0.1163159135E-012   0.4365772280E-012   0.2872150648E-012
   0.2109789639E-012  -0.2899159086E-012  -0.5145474486E-013   0.1122191588E-012   0.4335498003E-012   0.2383463193E-012
   0.1997364996E-012  -0.2915287706E-012  -0.4647472317E-013   0.1082533906E-012   0.4281076693E-012   0.1929669970E-012
   0.1898392767E-012  -0.2937138005E-012  -0.4170730059E-013   0.1038711635E-012   0.4201848817E-012   0.1510209505E-012
   0.1791442920E-012  -0.2942954177E-012  -0.3727241024E-013   0.9998176875E-013   0.4110831505E-012   0.1116050058E-012
   0.1684859859E-012  -0.2945101373E-012  -0.3362107279E-013   0.9630073461E-013   0.3999802655E-012   0.7521531838E-013
   0.1584788426E-012  -0.2936802221E-012  -0.2939931971E-013   0.9228462098E-013   0.3876980728E-012   0.4075885700E-013
   0.1467351219E-012  -0.2921378033E-012  -0.2592124306E-013   0.8844791727E-013   0.3735182967E-012   0.9593543811E-014
   0.1360990826E-012  -0.2903431922E-012  -0.2143550987E-013   0.8412738919E-013   0.3588879018E-012  -0.1936375765E-013
   0.1253453427E-012  -0.2876506698E-012  -0.1838998675E-013   0.8092443782E-013   0.3434005827E-012  -0.4556476517E-013
   0.1148214740E-012  -0.2845721318E-012  -0.1604712619E-013   0.7742205118E-013   0.3276647027E-012  -0.6952997846E-013
   0.1041338818E-012  -0.2808144775E-012  -0.1311237904E-013   0.7400788114E-013   0.3108288292E-012  -0.9077774945E-013
   0.9494816191E-013  -0.2766485340E-012  -0.1007274998E-013   0.7089870474E-013   0.2936817750E-012  -0.1098416303E-012
