   0.9298713767E-011  -0.2799105101E-010   0.1004146105E-011  -0.7089612613E-011  -0.2888999301E-010   0.1219056710E-010
   0.1034775015E-010  -0.2841706070E-010   0.1250465227E-011  -0.7433089846E-011  -0.3062954313E-010   0.1031416321E-010
   0.1142101659E-010  -0.2879404858E-010   0.1516700802E-011  -0.7785873109E-011  -0.3233894129E-010   0.8214410119E-011
   0.1251476452E-010  -0.2911753775E-010   0.1803701266E-011  -0.8147693404E-011  -0.3400493428E-010   0.5881305204E-011
   0.1362474720E-010  -0.2938294238E-010   0.2112295702E-011  -0.8518228592E-011  -0.3561326908E-010   0.3305247046E-011
   0.1474619444E-010  -0.2958557961E-010   0.2443286226E-011  -0.8897100536E-011  -0.3714870610E-010   0.4771430699E-012
   0.1587378472E-010  -0.2972068182E-010   0.2797438512E-011  -0.9283871061E-011  -0.3859503970E-010  -0.2611465710E-011
   0.1700162026E-010  -0.2978341079E-010   0.3175471838E-011  -0.9678038521E-011  -0.3993513581E-010  -0.5968274456E-011
   0.1812320355E-010  -0.2976887303E-010   0.3578048075E-011  -0.1007903428E-010  -0.4115098506E-010  -0.9600074710E-011
   0.1923141332E-010  -0.2967213643E-010   0.4005758674E-011  -0.1048621832E-010  -0.4222377098E-010  -0.1351259690E-010
   0.2031848610E-010  -0.2948824843E-010   0.4459111512E-011  -0.1089887588E-010  -0.4313396177E-010  -0.1771035270E-010
   0.2137599737E-010  -0.2921225587E-010   0.4938515140E-011  -0.1131621281E-010  -0.4386142056E-010  -0.2219645568E-010
   0.2239484847E-010  -0.2883922636E-010   0.5444262369E-011  -0.1173735165E-010  -0.4438554226E-010  -0.2697243885E-010
   0.2336525782E-010  -0.2836427105E-010   0.5976512425E-011  -0.1216132760E-010  -0.4468541623E-010  -0.3203806330E-010
   0.2427675532E-010  -0.2778257024E-010   0.6535270471E-011  -0.1258708353E-010  -0.4474001691E-010  -0.3739110744E-010
   0.2511818603E-010  -0.2708939952E-010   0.7120367050E-011  -0.1301346621E-010  -0.4452842644E-010  -0.4302716273E-010
   0.2587771845E-010  -0.2628015977E-010   0.7731434279E-011  -0.1343922126E-010  -0.4403008954E-010  -0.4893940674E-010
   0.2654286341E-010  -0.2535040846E-010   0.8367881473E-011  -0.1386298886E-010  -0.4322510355E-010  -0.5511838076E-010
   0.2710050286E-010  -0.2429589319E-010   0.9028869259E-011  -0.1428329952E-010  -0.4209454346E-010  -0.6155176476E-010
   0.2753692923E-010  -0.2311259021E-010   0.9713280909E-011  -0.1469856910E-010  -0.4062082595E-010  -0.6822413860E-010
   0.2783790008E-010  -0.2179674306E-010   0.1041969426E-010  -0.1510709517E-010  -0.3878810743E-010  -0.7511676388E-010
   0.2798870667E-010  -0.2034490430E-010   0.1114635229E-010  -0.1550705342E-010  -0.3658271666E-010  -0.8220736919E-010
   0.2797425976E-010  -0.1875399682E-010   0.1189112548E-010  -0.1589649046E-010  -0.3399364736E-010  -0.8946987294E-010
   0.2777919762E-010  -0.1702134392E-010   0.1265149117E-010  -0.1627332656E-010  -0.3101302803E-010  -0.9687429114E-010
   0.2738801162E-010  -0.1514474112E-010   0.1342449450E-010  -0.1663534897E-010  -0.2763667567E-010  -0.1043864842E-009
   0.2678519808E-010  -0.1312251343E-010   0.1420671986E-010  -0.1698021145E-010  -0.2386464142E-010  -0.1119680277E-009
   0.2595543463E-010  -0.1095358054E-010   0.1499426240E-010  -0.1730543410E-010  -0.1970177248E-010  -0.1195761018E-009
   0.2488378550E-010  -0.8637531649E-011   0.1578270041E-010  -0.1760840384E-010  -0.1515828400E-010  -0.1271634081E-009
   0.2355593378E-010  -0.6174699451E-011   0.1656707371E-010  -0.1788637766E-010  -0.1025030806E-010  -0.1346781614E-009
   0.2195844654E-010  -0.3566246039E-011   0.1734186472E-010  -0.1813648713E-010  -0.5000428402E-011  -0.1420641209E-009
   0.2007906887E-010  -0.8142494437E-012   0.1810098756E-010  -0.1835574593E-010   0.5618390314E-012  -0.1492607083E-009
   0.1790704704E-010   0.2078205941E-011   0.1883778534E-010  -0.1854106036E-010   0.6399633731E-011  -0.1562032079E-009
   0.1543348452E-010   0.5106929780E-011   0.1954503582E-010  -0.1868924276E-010   0.1246841805E-010  -0.1628230464E-009
   0.1265171738E-010   0.8266532407E-011   0.2021497130E-010  -0.1879702940E-010   0.1871577929E-010  -0.1690481972E-009
   0.9557717973E-011   0.1155032209E-010   0.2083931009E-010  -0.1886110228E-010   0.2508136015E-010  -0.1748036775E-009
   0.6150509337E-011   0.1495020967E-010   0.2140930548E-010  -0.1887811605E-010   0.3149697603E-010  -0.1800121811E-009
   0.2432585889E-011   0.1845661809E-010   0.2191581247E-010  -0.1884473005E-010   0.3788693682E-010  -0.1845948376E-009
  -0.1589661794E-011   0.2205839298E-010   0.2234937312E-010  -0.1875764577E-010   0.4416858784E-010  -0.1884720948E-009
  -0.5905548815E-011   0.2574273574E-010   0.2270032452E-010  -0.1861364977E-010   0.5025312584E-010  -0.1915647477E-009
  -0.1049971758E-010   0.2949514246E-010   0.2295892732E-010  -0.1840966227E-010   0.5604667200E-010  -0.1937950847E-009
  -0.1535181554E-010   0.3329937113E-010   0.2311551715E-010  -0.1814279084E-010   0.6145164594E-010  -0.1950881647E-009
  -0.2043625112E-010   0.3713744238E-010   0.2316067724E-010  -0.1781038845E-010   0.6636843878E-010  -0.1953731978E-009
  -0.2572196865E-010   0.4098962124E-010   0.2308543116E-010  -0.1741012051E-010   0.7069730586E-010  -0.1945850147E-009
  -0.3117245704E-010   0.4483453253E-010   0.2288145466E-010  -0.1694002665E-010   0.7434064209E-010  -0.1926656057E-009
  -0.3674576069E-010   0.4864922449E-010   0.2254129999E-010  -0.1639859180E-010   0.7720535576E-010  -0.1895656788E-009
  -0.4239469784E-010   0.5240932501E-010   0.2205862919E-010  -0.1578481298E-010   0.7920547129E-010  -0.1852462176E-009
  -0.4806722821E-010   0.5608923541E-010   0.2142844831E-010  -0.1509826554E-010   0.8026481540E-010  -0.1796799850E-009
  -0.5370699020E-010   0.5966237217E-010   0.2064733631E-010  -0.1433916662E-010   0.8031971273E-010  -0.1728529252E-009
  -0.5925401155E-010   0.6310145966E-010   0.1971366162E-010  -0.1350843241E-010   0.7932159054E-010  -0.1647654121E-009
  -0.6464559492E-010   0.6637887409E-010   0.1862777612E-010  -0.1260772425E-010   0.7723938208E-010  -0.1554332906E-009
  -0.6981737207E-010   0.6946703062E-010   0.1739217352E-010  -0.1163948162E-010   0.7406161278E-010  -0.1448886592E-009
  -0.7470450418E-010   0.7233880169E-010   0.1601160317E-010  -0.1060694383E-010   0.6979805404E-010  -0.1331803442E-009
  -0.7924299424E-010   0.7496796135E-010   0.1449313547E-010  -0.9514158582E-011   0.6448083692E-010  -0.1203740244E-009
  -0.8337107866E-010   0.7732965063E-010   0.1284617239E-010  -0.8365969792E-011   0.5816493266E-010  -0.1065519731E-009
  -0.8703066126E-010   0.7940084761E-010   0.1108239148E-010  -0.7167982482E-011   0.5092792880E-010  -0.9181239648E-010
  -0.9016873609E-010   0.8116082000E-010   0.9215618866E-011  -0.5926510641E-011   0.4286905856E-010  -0.7626836244E-010
  -0.9273873889E-010   0.8259154834E-010   0.7261637430E-011  -0.4648509870E-011   0.3410747474E-010  -0.6004632712E-010
  -0.9470177557E-010   0.8367811039E-010   0.5237934572E-011  -0.3341490416E-011   0.2477979662E-010  -0.4328428598E-010
  -0.9602768035E-010   0.8440901005E-010   0.3163391240E-011  -0.2013411305E-011   0.1503699617E-010  -0.2612958991E-010
  -0.9669585568E-010   0.8477643509E-010   0.1057920463E-011  -0.6725614696E-012   0.5040726215E-011  -0.8736483106E-011
  -0.9669585405E-010   0.8477643420E-010  -0.1057930703E-011   0.6725679810E-012  -0.5040774974E-011   0.8736567668E-011
  -0.9602767551E-010   0.8440900739E-010  -0.3163401375E-011   0.2013417772E-011  -0.1503704408E-010   0.2612967366E-010
  -0.9470176759E-010   0.8367810599E-010  -0.5237944504E-011   0.3341496799E-011  -0.2477984289E-010   0.4328436817E-010
  -0.9273872789E-010   0.8259154224E-010  -0.7261647070E-011   0.4648516131E-011  -0.3410751863E-010   0.6004640705E-010
  -0.9016872225E-010   0.8116081226E-010  -0.9215628124E-011   0.5926516743E-011  -0.4286909936E-010   0.7626843941E-010
  -0.8703064477E-010   0.7940083833E-010  -0.1108240028E-010   0.7167988390E-011  -0.5092796590E-010   0.9181246986E-010
  -0.8337105977E-010   0.7732963989E-010  -0.1284618066E-010   0.8365975474E-011  -0.5816496552E-010   0.1065520423E-009
  -0.7924297322E-010   0.7496794925E-010  -0.1449314314E-010   0.9514164009E-011  -0.6448086512E-010   0.1203740889E-009
  -0.7470448132E-010   0.7233878836E-010  -0.1601161020E-010   0.1060694898E-010  -0.6979807725E-010   0.1331804036E-009
  -0.6981734768E-010   0.6946701618E-010  -0.1739217986E-010   0.1163948646E-010  -0.7406163080E-010   0.1448887131E-009
  -0.6464556930E-010   0.6637885867E-010  -0.1862778174E-010   0.1260772878E-010  -0.7723939481E-010   0.1554333387E-009
  -0.5925398503E-010   0.6310144338E-010  -0.1971366651E-010   0.1350843660E-010  -0.7932159798E-010   0.1647654543E-009
  -0.5370696308E-010   0.5966235518E-010  -0.2064734046E-010   0.1433917046E-010  -0.8031971498E-010   0.1728529613E-009
  -0.4806720079E-010   0.5608921784E-010  -0.2142845173E-010   0.1509826904E-010  -0.8026481266E-010   0.1796800150E-009
  -0.4239467040E-010   0.5240930699E-010  -0.2205863188E-010   0.1578481613E-010  -0.7920546383E-010   0.1852462415E-009
  -0.3674573350E-010   0.4864920614E-010  -0.2254130197E-010   0.1639859459E-010  -0.7720534392E-010   0.1895656967E-009
  -0.3117243033E-010   0.4483451398E-010  -0.2288145597E-010   0.1694002910E-010  -0.7434062627E-010   0.1926656178E-009
  -0.2572194264E-010   0.4098960260E-010  -0.2308543183E-010   0.1741012262E-010  -0.7069728650E-010   0.1945850212E-009
  -0.2043622600E-010   0.3713742375E-010  -0.2316067730E-010   0.1781039023E-010  -0.6636841633E-010   0.1953731989E-009
  -0.1535180351E-010   0.3329936188E-010  -0.2311551690E-010   0.1814279156E-010  -0.6145163341E-010   0.1950881628E-009
  -0.1049970540E-010   0.2949513271E-010  -0.2295892678E-010   0.1840966287E-010  -0.5604665752E-010   0.1937950801E-009
  -0.5905538205E-011   0.2574272688E-010  -0.2270032379E-010   0.1861365019E-010  -0.5025311167E-010   0.1915647413E-009
  -0.1589632011E-011   0.2205836695E-010  -0.2234937031E-010   0.1875764659E-010  -0.4416854359E-010   0.1884720698E-009
   0.2432595103E-011   0.1845660962E-010  -0.2191581135E-010   0.1884473019E-010  -0.3788692171E-010   0.1845948275E-009
   0.6150534778E-011   0.1495018500E-010  -0.2140930163E-010   0.1887811611E-010  -0.3149693022E-010   0.1800121461E-009
   0.9557726354E-011   0.1155031347E-010  -0.2083930854E-010   0.1886110217E-010  -0.2508134365E-010   0.1748036634E-009
   0.1265173894E-010   0.8266508756E-011  -0.2021496654E-010   0.1879702876E-010  -0.1871573293E-010   0.1690481531E-009
   0.1543349077E-010   0.5106922413E-011  -0.1954503418E-010   0.1868924245E-010  -0.1246840337E-010   0.1628230311E-009
   0.1790706408E-010   0.2078184209E-011  -0.1883778003E-010   0.1854105913E-010  -0.6399589985E-011   0.1562031580E-009
   0.2007907368E-010  -0.8142561620E-012  -0.1810098578E-010   0.1835574545E-010  -0.5618254492E-012   0.1492606915E-009
   0.2195845928E-010  -0.3566265710E-011  -0.1734185908E-010   0.1813648540E-010   0.5000468114E-011   0.1420640673E-009
   0.2355593725E-010  -0.6174705487E-011  -0.1656707186E-010   0.1788637703E-010   0.1025032016E-010   0.1346781436E-009
   0.2488379405E-010  -0.8637548710E-011  -0.1578269479E-010   0.1760840176E-010   0.1515831776E-010   0.1271633541E-009
   0.2595543689E-010  -0.1095358588E-010  -0.1499426052E-010   0.1730543336E-010   0.1970178284E-010   0.1195760837E-009
   0.2678520318E-010  -0.1312252839E-010  -0.1420671425E-010   0.1698020906E-010   0.2386466976E-010   0.1119679735E-009
   0.2738801289E-010  -0.1514474615E-010  -0.1342449249E-010   0.1663534805E-010   0.2763668488E-010   0.1043864647E-009
   0.2777919975E-010  -0.1702135716E-010  -0.1265148554E-010   0.1627332385E-010   0.3101305136E-010   0.9687423636E-010
   0.2797426000E-010  -0.1875400077E-010  -0.1189112368E-010   0.1589648954E-010   0.3399365399E-010   0.8946985548E-010
   0.2798870615E-010  -0.2034491546E-010  -0.1114634689E-010   0.1550705052E-010   0.3658273424E-010   0.8220731649E-010
   0.2783790008E-010  -0.2179674306E-010  -0.1041969426E-010   0.1510709517E-010   0.3878810743E-010   0.7511676388E-010
   0.2753692747E-010  -0.2311259616E-010  -0.9713277598E-011   0.1469856713E-010   0.4062083381E-010   0.6822410630E-010
   0.2710050286E-010  -0.2429589319E-010  -0.9028869259E-011   0.1428329952E-010   0.4209454346E-010   0.6155176476E-010
   0.2654286049E-010  -0.2535041317E-010  -0.8367878385E-011   0.1386298685E-010   0.4322510814E-010   0.5511835073E-010
   0.2587771845E-010  -0.2628015977E-010  -0.7731434279E-011   0.1343922126E-010   0.4403008954E-010   0.4893940674E-010
   0.2511818221E-010  -0.2708940309E-010  -0.7120364202E-011   0.1301346418E-010   0.4452842811E-010   0.4302713524E-010
   0.2427675532E-010  -0.2778257024E-010  -0.6535270471E-011   0.1258708353E-010   0.4474001691E-010   0.3739110744E-010
   0.2336525315E-010  -0.2836427367E-010  -0.5976509721E-011   0.1216132550E-010   0.4468541534E-010   0.3203803746E-010
   0.2239484847E-010  -0.2883922636E-010  -0.5444262369E-011   0.1173735165E-010   0.4438554226E-010   0.2697243885E-010
   0.2137599221E-010  -0.2921225748E-010  -0.4938512698E-011   0.1131621073E-010   0.4386141744E-010   0.2219643272E-010
   0.2031848610E-010  -0.2948824843E-010  -0.4459111512E-011   0.1089887588E-010   0.4313396177E-010   0.1771035270E-010
   0.1923140809E-010  -0.2967213709E-010  -0.4005756577E-011   0.1048621637E-010   0.4222376624E-010   0.1351257760E-010
   0.1812320355E-010  -0.2976887303E-010  -0.3578048075E-011   0.1007903428E-010   0.4115098506E-010   0.9600074710E-011
   0.1700161490E-010  -0.2978341067E-010  -0.3175469980E-011   0.9678036628E-011   0.3993512971E-010   0.5968257829E-011
   0.1587378472E-010  -0.2972068182E-010  -0.2797438512E-011   0.9283871061E-011   0.3859503970E-010   0.2611465710E-011
   0.1474618909E-010  -0.2958557881E-010  -0.2443284596E-011   0.8897098713E-011   0.3714869899E-010  -0.4771571453E-012
   0.1362474720E-010  -0.2938294238E-010  -0.2112295702E-011   0.8518228592E-011   0.3561326908E-010  -0.3305247046E-011
   0.1251475906E-010  -0.2911753628E-010  -0.1803699790E-011   0.8147691589E-011   0.3400492615E-010  -0.5881317367E-011
   0.1142101659E-010  -0.2879404858E-010  -0.1516700802E-011   0.7785873109E-011   0.3233894129E-010  -0.8214410119E-011
   0.1034774488E-010  -0.2841705870E-010  -0.1250463957E-011   0.7433088120E-011   0.3062953457E-010  -0.1031417306E-010
   0.9298713767E-011  -0.2799105101E-010  -0.1004146105E-011   0.7089612613E-011   0.2888999301E-010  -0.1219056710E-010
