  -0.5317058443E-008  -0.8262223909E-008   0.1465340530E-007   0.3849985297E-007   0.2662921092E-009   0.2794721821E-009
  -0.5334320338E-008  -0.8841269462E-008   0.1366346586E-007   0.3980507144E-007   0.2725904814E-009   0.3041884428E-009
  -0.5326770129E-008  -0.9434843458E-008   0.1259304563E-007   0.4107212273E-007   0.2804973981E-009   0.3218289066E-009
  -0.5306946938E-008  -0.1002115806E-007   0.1142570463E-007   0.4227947571E-007   0.2785465823E-009   0.3683554002E-009
  -0.5275529909E-008  -0.1066581095E-007   0.1018174147E-007   0.4340932417E-007   0.2852095930E-009   0.4002026176E-009
  -0.5203394183E-008  -0.1133292156E-007   0.8850045871E-008   0.4447000596E-007   0.2874928786E-009   0.4329033199E-009
  -0.5135440021E-008  -0.1198443521E-007   0.7456896288E-008   0.4542268470E-007   0.2775524361E-009   0.4863033020E-009
  -0.5029017331E-008  -0.1265974165E-007   0.5995424117E-008   0.4628164386E-007   0.2718544072E-009   0.5315620618E-009
  -0.4893579480E-008  -0.1339759380E-007   0.4441794882E-008   0.4700966764E-007   0.2640783709E-009   0.5708524012E-009
  -0.4745327327E-008  -0.1413832128E-007   0.2816078353E-008   0.4764659417E-007   0.2665085928E-009   0.6038094276E-009
  -0.4549778017E-008  -0.1488935514E-007   0.1158688448E-008   0.4810640429E-007   0.2370234866E-009   0.6694928527E-009
  -0.4346383396E-008  -0.1566641450E-007  -0.5769402622E-009   0.4843515193E-007   0.2182998899E-009   0.7228164639E-009
  -0.4110295072E-008  -0.1643803752E-007  -0.2360922384E-008   0.4857775026E-007   0.1884528036E-009   0.7787120912E-009
  -0.3834637656E-008  -0.1725138533E-007  -0.4193008946E-008   0.4853571037E-007   0.1684227317E-009   0.8308526880E-009
  -0.3524081470E-008  -0.1808827216E-007  -0.6049081467E-008   0.4831447293E-007   0.1516658727E-009   0.8852127767E-009
  -0.3204550880E-008  -0.1889967405E-007  -0.7902818703E-008   0.4785758287E-007   0.1168704291E-009   0.9526657706E-009
  -0.2826081377E-008  -0.1975238479E-007  -0.9789342001E-008   0.4720511262E-007   0.7963034322E-010   0.1005452378E-008
  -0.2434693172E-008  -0.2057851190E-007  -0.1165121830E-007   0.4632848432E-007   0.4327038965E-010   0.1061280353E-008
  -0.2028667148E-008  -0.2142955146E-007  -0.1351116203E-007   0.4517346122E-007  -0.5101552585E-011   0.1138710577E-008
  -0.1559651506E-008  -0.2227316250E-007  -0.1527207457E-007   0.4378466281E-007  -0.4453715653E-010   0.1190790928E-008
  -0.1060523396E-008  -0.2313025680E-007  -0.1704804225E-007   0.4210419185E-007  -0.9902531022E-010   0.1259351308E-008
  -0.5261084551E-009  -0.2393465063E-007  -0.1874840551E-007   0.4012889531E-007  -0.1497566845E-009   0.1324451626E-008
   0.1996851383E-010  -0.2473757990E-007  -0.2037894215E-007   0.3785090103E-007  -0.2200818418E-009   0.1408644275E-008
   0.6035686444E-009  -0.2554162049E-007  -0.2188601007E-007   0.3526874525E-007  -0.2842938719E-009   0.1474842504E-008
   0.1198572845E-008  -0.2632135003E-007  -0.2326645916E-007   0.3237516175E-007  -0.3586298742E-009   0.1548140561E-008
   0.1826549910E-008  -0.2704641162E-007  -0.2453619791E-007   0.2916672878E-007  -0.4253187597E-009   0.1612639382E-008
   0.2467555520E-008  -0.2781152254E-007  -0.2564152886E-007   0.2562908668E-007  -0.5074452249E-009   0.1688230786E-008
   0.3127122824E-008  -0.2847505654E-007  -0.2658649272E-007   0.2171310739E-007  -0.5856942771E-009   0.1757981465E-008
   0.3804008571E-008  -0.2907188232E-007  -0.2733738970E-007   0.1752961489E-007  -0.6794597749E-009   0.1830140570E-008
   0.4485250663E-008  -0.2964798910E-007  -0.2787691501E-007   0.1299130912E-007  -0.7649207125E-009   0.1901562448E-008
   0.5171904599E-008  -0.3019620603E-007  -0.2818092684E-007   0.8143087163E-008  -0.8680327948E-009   0.1979824849E-008
   0.5862401625E-008  -0.3065791288E-007  -0.2825932161E-007   0.2941795519E-008  -0.9722473364E-009   0.2041572932E-008
   0.6536663513E-008  -0.3106383443E-007  -0.2806983427E-007  -0.2580212704E-008  -0.1083953638E-008   0.2119234405E-008
   0.7201499349E-008  -0.3140097526E-007  -0.2762139302E-007  -0.8347447932E-008  -0.1190956168E-008   0.2160422812E-008
   0.7840823385E-008  -0.3160876640E-007  -0.2690515613E-007  -0.1442714853E-007  -0.1310111762E-008   0.2214878276E-008
   0.8434320531E-008  -0.3178263910E-007  -0.2590670126E-007  -0.2072716466E-007  -0.1430904749E-008   0.2276091944E-008
   0.9006801036E-008  -0.3178005718E-007  -0.2462661738E-007  -0.2731892742E-007  -0.1562639410E-008   0.2321537898E-008
   0.9550155094E-008  -0.3178779221E-007  -0.2303804923E-007  -0.3415838734E-007  -0.1700641755E-008   0.2402101775E-008
   0.1001324605E-007  -0.3158742432E-007  -0.2119666718E-007  -0.4113989329E-007  -0.1827974734E-008   0.2439750310E-008
   0.1043280847E-007  -0.3129184556E-007  -0.1906946337E-007  -0.4832802525E-007  -0.1973182368E-008   0.2508608581E-008
   0.1077092238E-007  -0.3086108700E-007  -0.1668120416E-007  -0.5563982989E-007  -0.2106171153E-008   0.2523518858E-008
   0.1107039021E-007  -0.3038896652E-007  -0.1406522206E-007  -0.6299786662E-007  -0.2276502859E-008   0.2627928599E-008
   0.1129639143E-007  -0.2977549936E-007  -0.1121942692E-007  -0.7041250657E-007  -0.2434323754E-008   0.2704201309E-008
   0.1142646126E-007  -0.2903480797E-007  -0.8185267636E-008  -0.7781181023E-007  -0.2583827813E-008   0.2741597083E-008
   0.1141992866E-007  -0.2805568638E-007  -0.4942906571E-008  -0.8527986997E-007  -0.2698122769E-008   0.2740081776E-008
   0.1137035422E-007  -0.2707077224E-007  -0.1653029725E-008  -0.9247084493E-007  -0.2850009058E-008   0.2799923287E-008
   0.1117964809E-007  -0.2585625993E-007   0.1770787797E-008  -0.9962695612E-007  -0.2991668705E-008   0.2841038146E-008
   0.1092065106E-007  -0.2458109930E-007   0.5154656709E-008  -0.1064485829E-006  -0.3135795600E-008   0.2894439988E-008
   0.1054589547E-007  -0.2317387493E-007   0.8524485369E-008  -0.1129957268E-006  -0.3266936197E-008   0.2929918094E-008
   0.1007733750E-007  -0.2165075217E-007   0.1188935280E-007  -0.1193008912E-006  -0.3401702526E-008   0.2972773871E-008
   0.9471525867E-008  -0.1997431381E-007   0.1515088969E-007  -0.1252638314E-006  -0.3488126238E-008   0.2980125455E-008
   0.8771969342E-008  -0.1819831399E-007   0.1820867435E-007  -0.1306966688E-006  -0.3578224939E-008   0.3002467373E-008
   0.7980105021E-008  -0.1630398100E-007   0.2117473020E-007  -0.1358216851E-006  -0.3662518916E-008   0.3001147496E-008
   0.7083742682E-008  -0.1430256784E-007   0.2381843186E-007  -0.1403362108E-006  -0.3716674886E-008   0.2999033719E-008
   0.6137923049E-008  -0.1226649601E-007   0.2612776453E-007  -0.1442202600E-006  -0.3809085702E-008   0.3032945999E-008
   0.5128793938E-008  -0.1014141200E-007   0.2818650864E-007  -0.1476271045E-006  -0.3856314744E-008   0.3037465837E-008
   0.4058521178E-008  -0.7961492235E-008   0.2985954113E-007  -0.1503789452E-006  -0.3884128861E-008   0.3028991432E-008
   0.2954503883E-008  -0.5746603758E-008   0.3116085627E-007  -0.1524888830E-006  -0.3901668849E-008   0.3015972389E-008
   0.1786037167E-008  -0.3462906304E-008   0.3202170730E-007  -0.1538733247E-006  -0.3909180130E-008   0.3007689617E-008
   0.6471366842E-009  -0.1213124884E-008   0.3245046774E-007  -0.1545879978E-006  -0.3913335963E-008   0.3020342974E-008
  -0.4974967960E-009   0.1031449345E-008   0.3248887174E-007  -0.1546273502E-006  -0.3925993584E-008   0.3043945404E-008
  -0.1672444807E-008   0.3318794319E-008   0.3212147735E-007  -0.1540331340E-006  -0.3878093941E-008   0.3015999555E-008
  -0.2836273803E-008   0.5590130550E-008   0.3123856202E-007  -0.1526282554E-006  -0.3854604367E-008   0.3037082509E-008
  -0.3983403702E-008   0.7868446214E-008   0.2992731750E-007  -0.1505287002E-006  -0.3798401157E-008   0.3027801347E-008
  -0.5027585507E-008   0.1001861430E-007   0.2827610461E-007  -0.1478483599E-006  -0.3742935856E-008   0.3020412306E-008
  -0.6053856828E-008   0.1216505987E-007   0.2618622879E-007  -0.1444547586E-006  -0.3653043741E-008   0.3001455635E-008
  -0.7008508459E-008   0.1424860376E-007   0.2380045094E-007  -0.1405070659E-006  -0.3625058278E-008   0.3037150862E-008
  -0.7875709081E-008   0.1621532349E-007   0.2113379630E-007  -0.1359917072E-006  -0.3525822994E-008   0.2998553892E-008
  -0.8655833008E-008   0.1810769069E-007   0.1821184423E-007  -0.1309791686E-006  -0.3451418751E-008   0.3004894518E-008
  -0.9343643135E-008   0.1990120174E-007   0.1510257728E-007  -0.1254815422E-006  -0.3354389389E-008   0.2975411807E-008
  -0.9907968648E-008   0.2151302170E-007   0.1183536288E-007  -0.1195627607E-006  -0.3240443953E-008   0.2951006025E-008
  -0.1039226892E-007   0.2307259422E-007   0.8417234158E-008  -0.1131721057E-006  -0.3128156244E-008   0.2914272962E-008
  -0.1076722180E-007   0.2448354120E-007   0.5069097285E-008  -0.1066780039E-006  -0.3008173273E-008   0.2886387439E-008
  -0.1104961143E-007   0.2575861573E-007   0.1689106245E-008  -0.9987485828E-007  -0.2907411796E-008   0.2843751724E-008
  -0.1119499978E-007   0.2690935760E-007  -0.1768026185E-008  -0.9263302708E-007  -0.2755390958E-008   0.2789038195E-008
  -0.1126711645E-007   0.2793762990E-007  -0.5037411281E-008  -0.8542763289E-007  -0.2647520515E-008   0.2763486452E-008
  -0.1124204111E-007   0.2884101990E-007  -0.8207354952E-008  -0.7805667263E-007  -0.2519705707E-008   0.2729272567E-008
  -0.1112527543E-007   0.2959526806E-007  -0.1118520501E-007  -0.7071854865E-007  -0.2377642067E-008   0.2670678390E-008
  -0.1091366582E-007   0.3020065888E-007  -0.1403599969E-007  -0.6321633859E-007  -0.2230051377E-008   0.2600463049E-008
  -0.1063957052E-007   0.3075762496E-007  -0.1663413624E-007  -0.5586277128E-007  -0.2102552189E-008   0.2575854465E-008
  -0.1029319237E-007   0.3116977466E-007  -0.1900194300E-007  -0.4855411296E-007  -0.1971695237E-008   0.2538621150E-008
  -0.9854662479E-008   0.3140593334E-007  -0.2108261674E-007  -0.4149654513E-007  -0.1825431852E-008   0.2457806308E-008
  -0.9378045894E-008   0.3158567354E-007  -0.2292577288E-007  -0.3445601238E-007  -0.1705431391E-008   0.2437891831E-008
  -0.8858969474E-008   0.3165961146E-007  -0.2447817535E-007  -0.2765369011E-007  -0.1563975564E-008   0.2339595400E-008
  -0.8279988118E-008   0.3156368456E-007  -0.2576702269E-007  -0.2099196970E-007  -0.1447190750E-008   0.2313993908E-008
  -0.7667808450E-008   0.3140271795E-007  -0.2676203455E-007  -0.1467175903E-007  -0.1324046030E-008   0.2258842259E-008
  -0.7030898266E-008   0.3117162284E-007  -0.2746369073E-007  -0.8665717550E-008  -0.1208039095E-008   0.2201146378E-008
  -0.6358730169E-008   0.3086737886E-007  -0.2790863767E-007  -0.2867099844E-008  -0.1098738431E-008   0.2133832247E-008
  -0.5683619957E-008   0.3046498439E-007  -0.2810107788E-007   0.2641413068E-008  -0.9942807995E-009   0.2065809471E-008
  -0.5000803709E-008   0.2998340618E-007  -0.2803192082E-007   0.7896637588E-008  -0.8878595857E-009   0.2005639896E-008
  -0.4325392390E-008   0.2945145368E-007  -0.2774109834E-007   0.1274226003E-007  -0.7930288025E-009   0.1941173072E-008
  -0.3654202102E-008   0.2889977761E-007  -0.2720141747E-007   0.1731610389E-007  -0.7070208996E-009   0.1894691282E-008
  -0.2999654405E-008   0.2828943576E-007  -0.2647807261E-007   0.2152224375E-007  -0.6146432199E-009   0.1812719849E-008
  -0.2345463571E-008   0.2759005938E-007  -0.2555486983E-007   0.2537325844E-007  -0.5404823434E-009   0.1753115803E-008
  -0.1710002702E-008   0.2694033708E-007  -0.2443823688E-007   0.2887512891E-007  -0.4391982584E-009   0.1684053163E-008
  -0.1091787723E-008   0.2615356786E-007  -0.2318724439E-007   0.3208094110E-007  -0.3782208089E-009   0.1606083709E-008
  -0.5131893990E-009   0.2539219349E-007  -0.2178820753E-007   0.3500990465E-007  -0.3053384044E-009   0.1534381892E-008
   0.6429597187E-010   0.2459010475E-007  -0.2027337898E-007   0.3761210184E-007  -0.2451132901E-009   0.1470148470E-008
   0.5899199798E-009   0.2376217836E-007  -0.1869239751E-007   0.3986050575E-007  -0.1972864760E-009   0.1391957999E-008
   0.1107281527E-008   0.2298822816E-007  -0.1698818272E-007   0.4188778766E-007  -0.1405861788E-009   0.1331481169E-008
   0.1578782251E-008   0.2216207924E-007  -0.1526524719E-007   0.4356168935E-007  -0.8141221834E-010   0.1268432514E-008
   0.2021161062E-008   0.2132307929E-007  -0.1344965643E-007   0.4498440097E-007  -0.4278027172E-010   0.1204846440E-008
   0.2466280342E-008   0.2050481726E-007  -0.1160059323E-007   0.4613459805E-007  -0.2672853178E-011   0.1140986771E-008
   0.2824732217E-008   0.1967404612E-007  -0.9746420441E-008   0.4705765813E-007   0.3686334623E-010   0.1073172952E-008
   0.3194985458E-008   0.1884360951E-007  -0.7889706312E-008   0.4773798194E-007   0.7792461714E-010   0.1001327841E-008
   0.3520352343E-008   0.1800937392E-007  -0.6016705644E-008   0.4819448140E-007   0.9917984650E-010   0.9507752176E-009
   0.3826496412E-008   0.1720846400E-007  -0.4168903508E-008   0.4842932053E-007   0.1288412431E-009   0.8977162584E-009
   0.4088344918E-008   0.1642233081E-007  -0.2348873214E-008   0.4844480382E-007   0.1608231656E-009   0.8309512553E-009
   0.4318852270E-008   0.1564862634E-007  -0.5719129627E-009   0.4830419243E-007   0.1945621615E-009   0.7651820250E-009
   0.4527521936E-008   0.1486050609E-007   0.1149849712E-008   0.4799059082E-007   0.2056054558E-009   0.7200351793E-009
   0.4717999089E-008   0.1412787695E-007   0.2834517137E-008   0.4751506513E-007   0.2264266213E-009   0.6617507229E-009
   0.4870180092E-008   0.1338937709E-007   0.4441199275E-008   0.4693816474E-007   0.2401139204E-009   0.6068311151E-009
   0.4997025883E-008   0.1266344581E-007   0.5988292991E-008   0.4619090708E-007   0.2516489210E-009   0.5629466287E-009
   0.5097909972E-008   0.1197680263E-007   0.7469056771E-008   0.4533935790E-007   0.2503400650E-009   0.5341482677E-009
   0.5178983689E-008   0.1130409214E-007   0.8856671242E-008   0.4438735816E-007   0.2559319331E-009   0.4882627030E-009
   0.5247435688E-008   0.1063989421E-007   0.1016348617E-007   0.4334555006E-007   0.2647954070E-009   0.4342328166E-009
   0.5292973346E-008   0.1000900537E-007   0.1139482732E-007   0.4223445214E-007   0.2640800428E-009   0.3984351444E-009
   0.5321672708E-008   0.9393322031E-008   0.1256498280E-007   0.4100598511E-007   0.2632581765E-009   0.3618940025E-009
   0.5327073889E-008   0.8807709942E-008   0.1363770267E-007   0.3975687184E-007   0.2632824864E-009   0.3238084455E-009
   0.5311665683E-008   0.8245399947E-008   0.1463904311E-007   0.3843757467E-007   0.2580549557E-009   0.2939608646E-009
