       55.0000000000
       74.3303437366
      114.1271221051
      159.7654530867
      207.4246851269
      255.9785147234
      305.0000000000
      354.2950747611
      403.7635446644
      453.3486517020
      503.0159043211
      552.7431591616
      602.5155599651
      652.3227728663
      702.1573897639
      752.0139626363
      801.8883962248
      851.7775531205
      901.6789894414
      951.5907733895
     1001.5113578987
     1051.4394894619
     1101.3741416975
     1151.3144661647
     1201.2597554234
     1251.2094149262
     1301.1629413721
     1351.1199058559
     1401.0799406172
     1451.0427285232
     1501.0079946489
     1550.9754994841
     1600.9450334100
     1650.9164121784
     1700.8894731875
     1750.8640723940
     1800.8400817396
     1850.8173869942
     1900.7958859383
     1950.7754868257
     2000.7561070755
     2050.7376721560
     2100.7201146274
     2150.7033733177
     2200.6873926117
     2250.6721218338
     2300.6575147118
     2350.6435289086
     2400.6301256129
     2450.6172691793
     2500.6049268127
     2550.5930682882
     2600.5816657048
     2650.5706932659
     2700.5601270847
     2750.5499450110
     2800.5401264756
     2850.5306523523
     2900.5215048332
     2950.5126673173
     3000.5041243098
     3050.4958613314
     3100.4878648368
     3150.4801221401
     3200.4726213483
     3250.4653512997
     3300.4583015090
     3350.4514621167
     3400.4448238429
     3450.4383779456
     3500.4321161822
     3550.4260307743
     3600.4201143755
     3650.4143600419
     3700.4087612046
     3750.4033116453
     3800.3980054726
     3850.3928371012
     3900.3878012321
     3950.3828928346
     4000.3781071294
     4050.3734395732
     4100.3688858443
     4150.3644418292
     4200.3601036102
     4250.3558674539
     4300.3517298007
     4350.3476872544
     4400.3437365733
     4450.3398746613
     4500.3360985598
     4550.3324054403
     4600.3287925973
     4650.3252574417
     4700.3217974943
     4750.3184103805
     4800.3150938246
     4850.3118456446
     4900.3086637476
     4950.3055461254
     5000.3024908499
     5050.2994960695
     5100.2965600051
     5150.2936809467
     5200.2908572502
     5250.2880873339
     5300.2853696759
     5350.2827028111
     5400.2800853289
     5450.2775158702
     5500.2749931253
     5550.2725158320
     5600.2700827728
     5650.2676927735
     5700.2653447011
     5750.2630374619
     5800.2607699999
     5850.2585412954
     5900.2563503631
     5950.2541962508
     6000.2520780381
       55.0000000000
       74.3303437366
      114.1271221051
      159.7654530867
      207.4246851269
      255.9785147234
      305.0000000000
      354.2950747611
      403.7635446644
      453.3486517020
      503.0159043211
      552.7431591616
      602.5155599651
      652.3227728663
      702.1573897639
      752.0139626363
      801.8883962248
      851.7775531205
      901.6789894414
      951.5907733895
     1001.5113578987
     1051.4394894619
     1101.3741416975
     1151.3144661647
     1201.2597554234
     1251.2094149262
     1301.1629413721
     1351.1199058559
     1401.0799406172
     1451.0427285232
     1501.0079946489
     1550.9754994841
     1600.9450334100
     1650.9164121784
     1700.8894731875
     1750.8640723940
     1800.8400817396
     1850.8173869942
     1900.7958859383
     1950.7754868257
     2000.7561070755
     2050.7376721560
     2100.7201146274
     2150.7033733177
     2200.6873926117
     2250.6721218338
     2300.6575147118
     2350.6435289086
     2400.6301256129
     2450.6172691793
     2500.6049268127
     2550.5930682882
     2600.5816657048
     2650.5706932659
     2700.5601270847
     2750.5499450110
     2800.5401264756
     2850.5306523523
     2900.5215048332
     2950.5126673173
     3000.5041243098
     3050.4958613314
     3100.4878648368
     3150.4801221401
     3200.4726213483
     3250.4653512997
     3300.4583015090
     3350.4514621167
     3400.4448238429
     3450.4383779456
     3500.4321161822
     3550.4260307743
     3600.4201143755
     3650.4143600419
     3700.4087612046
     3750.4033116453
     3800.3980054726
     3850.3928371012
     3900.3878012321
     3950.3828928346
     4000.3781071294
     4050.3734395732
     4100.3688858443
     4150.3644418292
     4200.3601036102
     4250.3558674539
     4300.3517298007
     4350.3476872544
     4400.3437365733
     4450.3398746613
     4500.3360985598
     4550.3324054403
     4600.3287925973
     4650.3252574417
     4700.3217974943
     4750.3184103805
     4800.3150938246
     4850.3118456446
     4900.3086637476
     4950.3055461254
     5000.3024908499
     5050.2994960695
     5100.2965600051
     5150.2936809467
     5200.2908572502
     5250.2880873339
     5300.2853696759
     5350.2827028111
     5400.2800853289
     5450.2775158702
     5500.2749931253
     5550.2725158320
     5600.2700827728
     5650.2676927735
     5700.2653447011
     5750.2630374619
     5800.2607699999
     5850.2585412954
     5900.2563503631
     5950.2541962508
     6000.2520780381
