   0.0000000000000000     
   50.000000000000000     
   100.00000000000000     
   150.00000000000000     
   200.00000000000000     
   250.00000000000000     
   300.00000000000000     
   350.00000000000000     
   400.00000000000000     
   450.00000000000000     
   500.00000000000000     
   550.00000000000000     
   600.00000000000000     
   650.00000000000000     
   700.00000000000000     
   750.00000000000000     
   800.00000000000000     
   850.00000000000000     
   900.00000000000000     
   950.00000000000000     
   1000.0000000000000     
   1050.0000000000000     
   1100.0000000000000     
   1150.0000000000000     
   1200.0000000000000     
   1250.0000000000000     
   1300.0000000000000     
   1350.0000000000000     
   1400.0000000000000     
   1450.0000000000000     
   1500.0000000000000     
   1550.0000000000000     
   1600.0000000000000     
   1650.0000000000000     
   1700.0000000000000     
   1750.0000000000000     
   1800.0000000000000     
   1850.0000000000000     
   1900.0000000000000     
   1950.0000000000000     
   2000.0000000000000     
   2050.0000000000000     
   2100.0000000000000     
   2150.0000000000000     
   2200.0000000000000     
   2250.0000000000000     
   2300.0000000000000     
   2350.0000000000000     
   2400.0000000000000     
   2450.0000000000000     
   2500.0000000000000     
   2550.0000000000000     
   2600.0000000000000     
   2650.0000000000000     
   2700.0000000000000     
   2750.0000000000000     
   2800.0000000000000     
   2850.0000000000000     
   2900.0000000000000     
   2950.0000000000000     
   3000.0000000000000     
   3050.0000000000000     
   3100.0000000000000     
   3150.0000000000000     
   3200.0000000000000     
   3250.0000000000000     
   3300.0000000000000     
   3350.0000000000000     
   3400.0000000000000     
   3450.0000000000000     
   3500.0000000000000     
   3550.0000000000000     
   3600.0000000000000     
   3650.0000000000000     
   3700.0000000000000     
   3750.0000000000000     
   3800.0000000000000     
   3850.0000000000000     
   3900.0000000000000     
   3950.0000000000000     
   4000.0000000000000     
   4050.0000000000000     
   4100.0000000000000     
   4150.0000000000000     
   4200.0000000000000     
   4250.0000000000000     
   4300.0000000000000     
   4350.0000000000000     
   4400.0000000000000     
   4450.0000000000000     
   4500.0000000000000     
   4550.0000000000000     
   4600.0000000000000     
   4650.0000000000000     
   4700.0000000000000     
   4750.0000000000000     
   4800.0000000000000     
   4850.0000000000000     
   4900.0000000000000     
   4950.0000000000000     
   5000.0000000000000     
   5050.0000000000000     
   5100.0000000000000     
   5150.0000000000000     
   5200.0000000000000     
   5250.0000000000000     
   5300.0000000000000     
   5350.0000000000000     
   5400.0000000000000     
   5450.0000000000000     
   5500.0000000000000     
   5550.0000000000000     
   5600.0000000000000     
   5650.0000000000000     
   5700.0000000000000     
   5750.0000000000000     
   5800.0000000000000     
   5850.0000000000000     
   5900.0000000000000     
   5950.0000000000000     
   6000.0000000000000     
