   0.2664136473E-008  -0.9733037018E-009  -0.1918367374E-004   0.1886439999E-006   0.4776469859E-006  -0.3596279548E-008
   0.6349136995E-007  -0.5229325978E-009  -0.9351181370E-005   0.1525420065E-006   0.1935440071E-006  -0.2540424175E-008
   0.2852264302E-007  -0.4900101422E-009  -0.3556676646E-005   0.1143421091E-006   0.5336112025E-007  -0.1527649145E-008
   0.1277358147E-007  -0.3933161529E-009  -0.1722531950E-005   0.9174693036E-007   0.1935687470E-007  -0.1009334422E-008
   0.6523805434E-008  -0.3170672597E-009  -0.9920956949E-006   0.7744586842E-007   0.8770529975E-008  -0.7215489922E-009
   0.3713903649E-008  -0.2610218836E-009  -0.6373598621E-006   0.6750049157E-007   0.4607601804E-008  -0.5436308786E-009
   0.2292495160E-008  -0.2190583795E-009  -0.4401364932E-006   0.6006741690E-007   0.2676763121E-008  -0.4244325555E-009
   0.1503427000E-008  -0.1866901988E-009  -0.3196357283E-006   0.5420776557E-007   0.1669649265E-008  -0.3397974407E-009
   0.1032528334E-008  -0.1610206227E-009  -0.2407737317E-006   0.4939956020E-007   0.1097020244E-008  -0.2770763276E-009
   0.7350104334E-009  -0.1401788943E-009  -0.1864091452E-006   0.4533113939E-007   0.7494422058E-009  -0.2290696670E-009
   0.5382390914E-009  -0.1229254171E-009  -0.1473835159E-006   0.4180562640E-007   0.5274780180E-009  -0.1913983411E-009
   0.4031610900E-009  -0.1084135150E-009  -0.1184495961E-006   0.3869296296E-007   0.3799121008E-009  -0.1612524583E-009
   0.3075407918E-009  -0.9604758971E-010  -0.9642796508E-007   0.3590407882E-007   0.2785803811E-009  -0.1367484331E-009
   0.2380960312E-009  -0.8539714153E-010  -0.7930176479E-007   0.3337614312E-007   0.2071402373E-009  -0.1165769246E-009
   0.1865635940E-009  -0.7614326660E-010  -0.6574169495E-007   0.3106372022E-007   0.1556740671E-009  -0.9979952271E-010
   0.1476201750E-009  -0.6804443452E-010  -0.5484270912E-007   0.2893324003E-007   0.1179309880E-009  -0.8572594015E-010
   0.1177310997E-009  -0.6091402122E-010  -0.4597115538E-007   0.2695941916E-007   0.8984151570E-010  -0.7383693141E-010
   0.9448641144E-010  -0.5460519560E-010  -0.3867246442E-007   0.2512287365E-007   0.6868123730E-010  -0.6373428006E-010
   0.7620420486E-010  -0.4900052567E-010  -0.3261347269E-007   0.2340848562E-007   0.5258137202E-010  -0.5510739724E-010
   0.6168611652E-010  -0.4400468605E-010  -0.2754530059E-007   0.2180426194E-007   0.4023251097E-010  -0.4771043820E-010
   0.5006237478E-010  -0.3953924682E-010  -0.2327882847E-007   0.2030052232E-007   0.3069987751E-010  -0.4134626647E-010
   0.4069114380E-010  -0.3553888671E-010  -0.1966811628E-007   0.1888931298E-007   0.2330504736E-010  -0.3585498691E-010
   0.3309166573E-010  -0.3194859902E-010  -0.1659896026E-007   0.1756397818E-007   0.1754841184E-010  -0.3110559510E-010
   0.2689894916E-010  -0.2872160060E-010  -0.1398084721E-007   0.1631884417E-007   0.1305726029E-010  -0.2698979511E-010
   0.2183249261E-010  -0.2581774633E-010  -0.1174120184E-007   0.1514898463E-007   0.9550344276E-011  -0.2341735319E-010
   0.1767433161E-010  -0.2320231193E-010  -0.9821210360E-008   0.1405004561E-007   0.6813267125E-011  -0.2031255745E-010
   0.1425339150E-010  -0.2084504847E-010  -0.8172745746E-008   0.1301811464E-007   0.4681118854E-011  -0.1761148607E-010
   0.1143417580E-010  -0.1871943981E-010  -0.6756074689E-008   0.1204962275E-007   0.3026044792E-011  -0.1525987451E-010
   0.9108481015E-011  -0.1680211329E-010  -0.5538126904E-008   0.1114127141E-007   0.1748227305E-011  -0.1321143257E-010
   0.7189253911E-011  -0.1507236704E-010  -0.4491174224E-008   0.1028997808E-007   0.7692633545E-012  -0.1142650299E-010
   0.5605985460E-011  -0.1351178731E-010  -0.3591811783E-008   0.9492836004E-008   0.2724657627E-013  -0.9870982416E-011
   0.4301220321E-011  -0.1210393546E-010  -0.2820164379E-008   0.8747084687E-008  -0.5269227448E-012  -0.8515445917E-011
   0.3227885456E-011  -0.1083408977E-010  -0.2159262403E-008   0.8050088490E-008  -0.9323328550E-012  -0.7334431018E-011
   0.2347226650E-011  -0.9689030362E-011  -0.1594546671E-008   0.7399321262E-008  -0.1220196535E-011  -0.6305847834E-011
   0.1627200705E-011  -0.8656858689E-011  -0.1113472149E-008   0.6792355522E-008  -0.1415496631E-011  -0.5410489765E-011
   0.1041212435E-011  -0.7726844613E-011  -0.7051881908E-009   0.6226854981E-008  -0.1538263212E-011  -0.4631625032E-011
   0.5671149135E-012  -0.6889295934E-011  -0.3602784659E-009   0.5700569476E-008  -0.1604571632E-011  -0.3954653711E-011
   0.1864124009E-012  -0.6135446213E-011  -0.7054781729E-010   0.5211331635E-008  -0.1627327404E-011  -0.3366818179E-011
  -0.1163794255E-012  -0.5457357650E-011   0.1711536928E-009   0.4757054712E-008  -0.1616886988E-011  -0.2856957467E-011
  -0.3542502260E-012  -0.4847836444E-011   0.3710770536E-009   0.4335731201E-008  -0.1581551368E-011  -0.2415297879E-011
  -0.5381148596E-012  -0.4300358594E-011   0.5346967114E-009   0.3945431919E-008  -0.1527960374E-011  -0.2033273801E-011
  -0.6771563998E-012  -0.3809004489E-011   0.6668136496E-009   0.3584305337E-008  -0.1461409058E-011  -0.1703373735E-011
  -0.7791078113E-012  -0.3368400955E-011   0.7716427147E-009   0.3250576986E-008  -0.1386102508E-011  -0.1419007566E-011
  -0.8504843595E-012  -0.2973669684E-011   0.8528870098E-009   0.2942548846E-008  -0.1305361794E-011  -0.1174391754E-011
  -0.8967762180E-012  -0.2620381145E-011   0.9138016044E-009   0.2658598614E-008  -0.1221790906E-011  -0.9644497557E-012
  -0.9226087417E-012  -0.2304513252E-011   0.9572483596E-009   0.2397178824E-008  -0.1137412431E-011  -0.7847254284E-012
  -0.9318763345E-012  -0.2022414188E-011   0.9857433205E-009   0.2156815787E-008  -0.1053778062E-011  -0.6313075465E-012
  -0.9278546445E-012  -0.1770768856E-011   0.1001497851E-008   0.1936108330E-008  -0.9720587627E-012  -0.5007638691E-012
  -0.9132948903E-012  -0.1546568546E-011   0.1006454474E-008   0.1733726352E-008  -0.8931184454E-012  -0.3900834432E-012
  -0.8905033883E-012  -0.1347083454E-011   0.1002318196E-008   0.1548409200E-008  -0.8175742239E-012  -0.2966260307E-012
  -0.8614087737E-012  -0.1169837726E-011   0.9905839859E-009   0.1378963873E-008  -0.7458457197E-012  -0.2180777159E-012
  -0.8276189473E-012  -0.1012586782E-011   0.9725609198E-009   0.1224263085E-008  -0.6781954138E-012  -0.1524118887E-012
  -0.7904694166E-012  -0.8732966680E-012   0.9493934749E-009   0.1083243210E-008  -0.6147616576E-012  -0.9785491676E-013
  -0.7510644017E-012  -0.7501252494E-012   0.9220803285E-009   0.9549021118E-009  -0.5555856556E-012  -0.5285591323E-013
  -0.7103118417E-012  -0.6414050626E-012   0.8914909949E-009   0.8382969071E-009  -0.5006334909E-012  -0.1606009311E-013
  -0.6689532436E-012  -0.5456276669E-012   0.8583805702E-009   0.7325416614E-009  -0.4498140668E-012   0.1371472418E-013
  -0.6275891589E-012  -0.4614293632E-012   0.8234028162E-009   0.6368050500E-009  -0.4029936843E-012   0.3749884700E-013
  -0.5867009461E-012  -0.3875781517E-012   0.7871217863E-009   0.5503079980E-009  -0.3600078443E-012   0.5618901089E-013
  -0.5466693683E-012  -0.3229618224E-012   0.7500221633E-009   0.4723213170E-009  -0.3206707613E-012   0.7056453490E-013
  -0.5077904939E-012  -0.2665770761E-012   0.7125184598E-009   0.4021633529E-009  -0.2847829903E-012   0.8130158771E-013
  -0.4702892899E-012  -0.2175195876E-012   0.6749632101E-009   0.3391976598E-009  -0.2521374983E-012   0.8898578546E-013
  -0.4343312417E-012  -0.1749749309E-012   0.6376542685E-009   0.2828307093E-009  -0.2225244559E-012   0.9412331549E-013
  -0.4000322822E-012  -0.1382102919E-012   0.6008413112E-009   0.2325096463E-009  -0.1957349765E-012   0.9715075714E-013
  -0.3674672690E-012  -0.1065669026E-012   0.5647316310E-009   0.1877200998E-009  -0.1715639927E-012   0.9844375003E-013
  -0.3366772177E-012  -0.7945313541E-013   0.5294953004E-009   0.1479840549E-009  -0.1498124266E-012   0.9832464250E-013
  -0.3076754628E-012  -0.5633820222E-013   0.4952697725E-009   0.1128577909E-009  -0.1302887842E-012   0.9706923744E-013
  -0.2804529013E-012  -0.3674640801E-013   0.4621639786E-009   0.8192989158E-010  -0.1128102824E-012   0.9491273889E-013
  -0.2549824433E-012  -0.2025191140E-013   0.4302619763E-009   0.5481932895E-010  -0.9720359904E-013   0.9205499110E-013
  -0.2312227837E-012  -0.6473950310E-014   0.3996261964E-009   0.3117362326E-010  -0.8330531920E-013   0.8866509110E-013
  -0.2091215891E-012   0.4927506642E-014   0.3703003306E-009   0.1066708107E-010  -0.7096214067E-013   0.8488544653E-013
  -0.1886181817E-012   0.1425571887E-013   0.3423118969E-009  -0.7000888764E-011  -0.6003088918E-013   0.8083534249E-013
  -0.1696457923E-012   0.2178077561E-013   0.3156745177E-009  -0.2210738086E-010  -0.5037838564E-013   0.7661407393E-013
  -0.1521334412E-012   0.2774287106E-013   0.2903899406E-009  -0.3490752160E-010  -0.4188120017E-013   0.7230369348E-013
  -0.1360075029E-012   0.3235528062E-013   0.2664498279E-009  -0.4563592094E-010  -0.3442532135E-013   0.6797141945E-013
  -0.1211929976E-012   0.3580706384E-013   0.2438373400E-009  -0.5450804936E-010  -0.2790576407E-013   0.6367174326E-013
  -0.1076146494E-012   0.3826551753E-013   0.2225285342E-009  -0.6172154147E-010  -0.2222613491E-013   0.5944827145E-013
  -0.9519774654E-013   0.3987840051E-013   0.2024935983E-009  -0.6745742861E-010  -0.1729817048E-013   0.5533533332E-013
  -0.8386883151E-013   0.4077594995E-013   0.1836979356E-009  -0.7188130242E-010  -0.1304126088E-013   0.5135938188E-013
  -0.7355624717E-013   0.4107270730E-013   0.1661031189E-009  -0.7514441191E-010  -0.9381968393E-014   0.4754021248E-013
  -0.6419056081E-013   0.4086917069E-013   0.1496677252E-009  -0.7738469641E-010  -0.6253548819E-014   0.4389202096E-013
  -0.5570488495E-013   0.4025328896E-013   0.1343480656E-009  -0.7872775708E-010  -0.3595481710E-014   0.4042432057E-013
  -0.4803511132E-013   0.3930181152E-013   0.1200988211E-009  -0.7928776952E-010  -0.1353013972E-014   0.3714273474E-013
  -0.4112007193E-013   0.3808150671E-013   0.1068735935E-009  -0.7916833999E-010   0.5232797501E-015   0.3404968089E-013
  -0.3490163964E-013   0.3665026078E-013   0.9462538279E-010  -0.7846330811E-010   0.2077917439E-014   0.3114495858E-013
  -0.2932477834E-013   0.3505806802E-013   0.8330699676E-010  -0.7725749834E-010   0.3350909193E-014   0.2842625399E-013
  -0.2433755187E-013   0.3334792211E-013   0.7287140189E-010  -0.7562742299E-010   0.4378134819E-014   0.2588957127E-013
  -0.1989109937E-013   0.3155661769E-013   0.6327202150E-010  -0.7364193915E-010   0.5191699008E-014   0.2352959982E-013
  -0.1593958340E-013   0.2971547055E-013   0.5446298718E-010  -0.7136286200E-010   0.5820264037E-014   0.2134002598E-013
  -0.1244011671E-013   0.2785096382E-013   0.4639934885E-010  -0.6884553682E-010   0.6289360192E-014   0.1931379614E-013
  -0.9352672086E-014   0.2598532736E-013   0.3903724827E-010  -0.6613937206E-010   0.6621674411E-014   0.1744333783E-013
  -0.6639979640E-014   0.2413705638E-013   0.3233406022E-010  -0.6328833560E-010   0.6837317818E-014   0.1572074425E-013
  -0.4267414625E-014   0.2232137531E-013   0.2624850533E-010  -0.6033141628E-010   0.6954072949E-014   0.1413792724E-013
  -0.2202878859E-014   0.2055065205E-013   0.2074073780E-010  -0.5730305283E-010   0.6987621587E-014   0.1268674311E-013
  -0.4166780327E-015   0.1883476746E-013   0.1577241137E-010  -0.5423353207E-010   0.6951754188E-014   0.1135909503E-013
   0.1118603077E-014   0.1718144434E-013   0.1130672602E-010  -0.5114935823E-010   0.6858561903E-014   0.1014701529E-013
   0.2428225859E-014   0.1559654010E-013   0.7308458143E-011  -0.4807359518E-010   0.6718612243E-014   0.9042730544E-014
   0.3535422241E-014   0.1408430647E-013   0.3743976149E-011  -0.4502618327E-010   0.6541109423E-014   0.8038712374E-014
   0.4461517110E-014   0.1264761976E-013   0.5812437145E-012  -0.4202423228E-010   0.6334040395E-014   0.7127715477E-014
   0.5226047899E-014   0.1128818451E-013  -0.2210187749E-011  -0.3908229214E-010   0.6104307589E-014   0.6302805466E-014
   0.5846880685E-014   0.1000671331E-013  -0.4659195736E-011  -0.3621260271E-010   0.5857849315E-014   0.5557377879E-014
   0.6340322267E-014   0.8803085209E-014  -0.6793111026E-011  -0.3342532414E-010   0.5599748756E-014   0.4885169908E-014
   0.6721227834E-014   0.7676484975E-014  -0.8637748561E-011  -0.3072874888E-010   0.5334332451E-014   0.4280266084E-014
   0.7003103972E-014   0.6625525172E-014  -0.1021744371E-010  -0.2812949680E-010   0.5065259099E-014   0.3737099009E-014
   0.7198206814E-014   0.5648352920E-014  -0.1155509295E-010  -0.2563269438E-010   0.4795599485E-014   0.3250446071E-014
   0.7317635254E-014   0.4742742964E-014  -0.1267219810E-010  -0.2324213914E-010   0.4527908277E-014   0.2815422943E-014
   0.7371419181E-014   0.3906178535E-014  -0.1358891331E-010  -0.2096045028E-010   0.4264288399E-014   0.2427474546E-014
   0.7368602769E-014   0.3135921354E-014  -0.1432409421E-010  -0.1878920656E-010   0.4006448622E-014   0.2082364057E-014
   0.7317322882E-014   0.2429071991E-014  -0.1489534856E-010  -0.1672907226E-010   0.3755755007E-014   0.1776160459E-014
   0.7224882698E-014   0.1782621654E-014  -0.1531908787E-010  -0.1477991205E-010   0.3513276736E-014   0.1505225044E-014
   0.7097820689E-014   0.1193496400E-014  -0.1561057962E-010  -0.1294089564E-010   0.3279826879E-014   0.1266197216E-014
   0.6941975104E-014   0.6585946429E-015  -0.1578399964E-010  -0.1121059292E-010   0.3055998573E-014   0.1055979890E-014
   0.6762544124E-014   0.1748187502E-015  -0.1585248431E-010  -0.9587060281E-011   0.2842197045E-014   0.8717247161E-015
   0.6564141865E-014  -0.2608985650E-015  -0.1582818226E-010  -0.8067918759E-011   0.2638667911E-014   0.7108173300E-015
   0.6350850434E-014  -0.6515724186E-015  -0.1572230541E-010  -0.6650424695E-011   0.2445522102E-014   0.5708627894E-015
   0.6126268205E-014  -0.1000147933E-014  -0.1554517903E-010  -0.5331533393E-011   0.2262757781E-014   0.4496713179E-015
   0.5893554525E-014  -0.1309485908E-014  -0.1530629078E-010  -0.4107956371E-011   0.2090279539E-014   0.3452444580E-015
   0.5655471051E-014  -0.1582351530E-014  -0.1501433839E-010  -0.2976212700E-011   0.1927915187E-014   0.2557617086E-015
   0.5414419886E-014  -0.1821405724E-014  -0.1467727609E-010  -0.1932674889E-011   0.1775430364E-014   0.1795677015E-015
   0.5172478726E-014  -0.2029198785E-014  -0.1430235946E-010  -0.9736097693E-012   0.1632541234E-014   0.1151599584E-015
   0.4931433190E-014  -0.2208165963E-014  -0.1389618889E-010  -0.9521478247E-013   0.1498925458E-014   0.6117725246E-016
   0.4692806510E-014  -0.2360624734E-014  -0.1346475126E-010   0.7063499480E-012   0.1374231645E-014   0.1638858915E-016
