  -0.2752666315E-013  -0.1349777540E-013  -0.1308323431E-010   0.5062772521E-011   0.1873653397E-013   0.1251599367E-013
  -0.9030384151E-014  -0.1089854667E-013  -0.1417785499E-010   0.4797274225E-011   0.8677904340E-014   0.2637563687E-014
  -0.1327921726E-013  -0.1246790844E-013  -0.1534127418E-010   0.4448765493E-011   0.9222136940E-014  -0.1301479182E-014
  -0.2414420153E-014  -0.6391653639E-014  -0.1654477806E-010   0.4017260981E-011  -0.2002161999E-015  -0.6979085365E-014
  -0.8196968759E-014  -0.9445101691E-014  -0.1779630600E-010   0.3525270254E-011   0.9216286380E-014   0.4974710832E-014
  -0.1186479284E-014  -0.4995566864E-014  -0.1911117021E-010   0.2969055872E-011  -0.2763498451E-014  -0.4087619339E-014
  -0.1083335342E-013  -0.1364260562E-013  -0.2051467177E-010   0.2277473680E-011  -0.1249540543E-014   0.6113625564E-014
  -0.7150784279E-014  -0.1723466322E-013  -0.2194836661E-010   0.1497876125E-011  -0.4411897565E-015   0.4610208322E-014
  -0.9378543019E-014  -0.1788588652E-013  -0.2342618434E-010   0.6322451503E-012  -0.8652849998E-014  -0.7677229528E-014
  -0.1508443549E-014  -0.3185557908E-013  -0.2494713669E-010  -0.3072186384E-012  -0.3457986939E-014   0.7330115142E-014
  -0.2502031789E-013  -0.4196167759E-013  -0.2654939216E-010  -0.1476515923E-011  -0.7933886067E-014   0.1445974861E-013
  -0.2861298858E-013  -0.5652806693E-013  -0.2817185664E-010  -0.2733254349E-011  -0.4429663326E-014   0.3266386275E-013
  -0.5431835649E-014  -0.5770592405E-013  -0.2982723577E-010  -0.4135419481E-011   0.9279372686E-014   0.2722786191E-013
  -0.1329480676E-013  -0.5852178439E-013  -0.3155266428E-010  -0.5634677752E-011   0.3283213417E-014   0.2623679279E-013
  -0.2571194532E-013  -0.4828830258E-013  -0.3323951363E-010  -0.7319309039E-011   0.6859467345E-014   0.3703736365E-013
  -0.8556118651E-014  -0.4642431018E-013  -0.3501548100E-010  -0.9135487177E-011   0.1416339626E-013   0.3288628815E-013
  -0.2391665756E-013  -0.6044413427E-013  -0.3670352567E-010  -0.1108113270E-010   0.2837648664E-013   0.3827310417E-013
  -0.2618867313E-013  -0.3916775625E-013  -0.3851537746E-010  -0.1323325593E-010   0.4768717576E-014   0.2298635190E-013
  -0.2739779058E-013  -0.6391231423E-013  -0.4022732599E-010  -0.1543585891E-010   0.1740164719E-013   0.5476380047E-013
  -0.6452607027E-014  -0.5456914869E-013  -0.4192059814E-010  -0.1777111223E-010   0.9582184171E-014   0.3292128019E-013
  -0.2998372646E-013  -0.8687259343E-013  -0.4365301497E-010  -0.2037138160E-010  -0.8418612509E-015   0.4664618705E-013
  -0.2806660927E-013  -0.7712678265E-013  -0.4524878685E-010  -0.2296652370E-010  -0.1144525151E-015   0.6201960211E-013
  -0.8499249760E-014  -0.7133719418E-014  -0.4685618605E-010  -0.2584484963E-010  -0.2254619607E-013   0.1130430548E-013
   0.1114770542E-013  -0.1049949693E-013  -0.4840513125E-010  -0.2879829308E-010  -0.4086316760E-013  -0.3712775679E-013
  -0.2915943415E-013  -0.6745924913E-013  -0.4987294654E-010  -0.3185439592E-010  -0.4634406314E-013  -0.3820876355E-013
  -0.9394286500E-014  -0.5629350665E-013  -0.5123700427E-010  -0.3492960945E-010  -0.3439442082E-013   0.2946569848E-015
  -0.2281959377E-013  -0.6044343502E-013  -0.5248414442E-010  -0.3805313032E-010  -0.6053696809E-013  -0.4435327464E-013
   0.1644198430E-013  -0.9844726011E-014  -0.5360930177E-010  -0.4119896112E-010  -0.6530224077E-013  -0.7985088995E-013
  -0.1462539524E-013   0.6838754482E-014  -0.5460501376E-010  -0.4432408781E-010  -0.4468454561E-013  -0.5145335344E-013
   0.3138830888E-013   0.3876501426E-013  -0.5546986233E-010  -0.4742521684E-010  -0.7348275376E-013  -0.1462691140E-012
   0.8774229268E-015   0.1413938696E-012  -0.5615624185E-010  -0.5036258735E-010  -0.3233695741E-013  -0.1312769804E-012
  -0.2485188533E-013   0.8021648471E-013  -0.5665714682E-010  -0.5288368251E-010  -0.3627416352E-013  -0.9149465018E-013
   0.3989864912E-013   0.2297207451E-012  -0.5700668507E-010  -0.5533903758E-010  -0.2889735970E-013  -0.1304801451E-012
  -0.1327646105E-013   0.5526981000E-013  -0.5716663361E-010  -0.5771314504E-010  -0.3826942242E-013  -0.6999482115E-013
   0.3476311713E-013   0.1128918730E-012  -0.5712415355E-010  -0.5957336393E-010  -0.3493476023E-013  -0.1996644422E-013
   0.4495949825E-013   0.1743379623E-012  -0.5687438529E-010  -0.6077978565E-010  -0.2728568503E-013  -0.3985635049E-013
   0.4412756979E-013   0.1963609503E-012  -0.5636963592E-010  -0.6181395020E-010  -0.1955881523E-013  -0.9191187617E-013
   0.3044477614E-013   0.2175218569E-012  -0.5568390329E-010  -0.6199141449E-010  -0.7713221893E-014  -0.6432609614E-013
   0.5996045990E-013   0.2655109796E-012  -0.5480864136E-010  -0.6188947948E-010  -0.8089964270E-014  -0.3994789000E-013
   0.1473042936E-013   0.3231769323E-012  -0.5371599433E-010  -0.6108823767E-010  -0.3216246380E-014  -0.8501067247E-013
   0.6826003400E-013   0.1191734790E-012  -0.5233451838E-010  -0.5949016192E-010   0.1318390445E-013   0.1677942851E-013
   0.3828656349E-014  -0.9752324656E-015  -0.5075327216E-010  -0.5732031709E-010  -0.1713662056E-013   0.2912465452E-013
   0.5134110014E-013   0.1951456415E-012  -0.4896151781E-010  -0.5483345361E-010  -0.1526398193E-014   0.6185654279E-013
   0.2435700722E-013   0.1466717646E-012  -0.4696254039E-010  -0.5149450533E-010  -0.2143626156E-013   0.1640834524E-013
   0.1414456694E-012   0.2148407280E-012  -0.4467714961E-010  -0.4754593956E-010   0.2420055631E-013   0.3065553423E-013
  -0.1483107163E-013   0.5459272553E-014  -0.4215705901E-010  -0.4328041014E-010   0.1789453907E-013   0.3137762657E-013
  -0.2063869342E-013   0.1227062986E-012  -0.3935824019E-010  -0.3799175160E-010   0.2867231382E-013  -0.4177566976E-013
   0.5873318618E-013  -0.5099336100E-013  -0.3639724354E-010  -0.3287445433E-010   0.4107722601E-013   0.5898166675E-013
   0.1014123490E-012   0.1087945151E-012  -0.3335071205E-010  -0.2710197191E-010   0.8524875098E-014   0.7867587572E-013
  -0.2123882287E-013  -0.1014832462E-012  -0.2992966382E-010  -0.2148710364E-010   0.6590187953E-013  -0.1143104538E-013
   0.7074803384E-014  -0.1276884891E-012  -0.2624582303E-010  -0.1528632883E-010   0.5093050237E-013   0.5289412238E-014
   0.9246346153E-013   0.1095909667E-012  -0.2237552246E-010  -0.9346647815E-011   0.1066430167E-013   0.4966983799E-013
   0.3695850983E-013   0.2333188417E-013  -0.1843371404E-010  -0.3329714501E-011  -0.3311820580E-014   0.6174731088E-013
  -0.1465355567E-013  -0.5674737285E-013  -0.1437648204E-010   0.2773954006E-011   0.5131593370E-013  -0.2070689000E-013
  -0.1186649461E-013  -0.1324029667E-012  -0.1018319629E-010   0.8326855826E-011   0.1247825804E-013   0.2972539337E-013
  -0.2388654346E-013  -0.3094619927E-013  -0.5778522956E-011   0.1365552911E-010   0.3140095489E-014   0.2252624293E-013
  -0.1923059394E-013   0.4191799393E-013  -0.1304193905E-011   0.1904843980E-010  -0.1652247058E-013   0.5044556687E-013
  -0.1146336999E-012   0.2898638402E-013   0.3259041759E-011   0.2390237184E-010  -0.1680684792E-013   0.8976010555E-014
  -0.1203724657E-013   0.5827137805E-013   0.7795922949E-011   0.2854630506E-010  -0.3210177822E-013   0.3304429620E-013
  -0.5565776873E-013  -0.3050285080E-013   0.1219964616E-010   0.3241288822E-010  -0.8335222200E-013   0.9005883582E-013
  -0.4334239764E-013  -0.1685248433E-012   0.1678784558E-010   0.3645381217E-010  -0.1550830555E-013  -0.6469694557E-013
  -0.4473555312E-013  -0.2986278804E-012   0.2114543261E-010   0.3949568654E-010  -0.1584981965E-013  -0.7309708838E-013
  -0.4745933787E-013  -0.1644205510E-012   0.2553069703E-010   0.4246217035E-010  -0.3027388076E-013  -0.4321820029E-013
   0.1448469841E-013  -0.8402211085E-013   0.2970879946E-010   0.4495518373E-010  -0.1938740468E-013  -0.3738057594E-013
  -0.6640704587E-013  -0.1603880536E-012   0.3383353462E-010   0.4699620965E-010  -0.2896162368E-013  -0.4601581240E-013
   0.2447282954E-014  -0.9028457191E-013   0.3765598426E-010   0.4864356554E-010  -0.2094135808E-013  -0.1376755522E-014
   0.2374203268E-013   0.1314151899E-013   0.4138314515E-010   0.4980687819E-010  -0.3025441950E-013   0.2924987883E-013
   0.2796034281E-013   0.1256560696E-012   0.4477798338E-010   0.5055359085E-010  -0.2539720826E-013   0.2523536900E-013
   0.7440860652E-013   0.3853982422E-013   0.4802973113E-010   0.5122273530E-010  -0.4085178041E-013   0.7979392301E-013
   0.1182992620E-012   0.2160230733E-012   0.5096620822E-010   0.5124886181E-010  -0.4094253321E-013   0.9064157160E-013
   0.7855351810E-013   0.1882028602E-012   0.5358781858E-010   0.5080053814E-010  -0.3387316596E-013   0.3084626485E-013
   0.7362293610E-013   0.1582383179E-012   0.5592788864E-010   0.5000426056E-010  -0.2316908867E-013   0.1659228177E-014
   0.7716148706E-013   0.7369761892E-013   0.5804795777E-010   0.4903294973E-010  -0.1037792934E-013   0.3164010297E-013
   0.1085158018E-012   0.1782937715E-012   0.5979706274E-010   0.4791633310E-010  -0.4961642214E-014   0.4841831669E-013
   0.5230230791E-013   0.2389039485E-012   0.6125528354E-010   0.4637867821E-010  -0.2133903821E-013   0.3607343069E-013
   0.2334484129E-013   0.1027991898E-012   0.6234468791E-010   0.4458333360E-010  -0.3318064653E-014   0.2160462006E-013
   0.4485723826E-013   0.8284877036E-013   0.6327748957E-010   0.4279677041E-010  -0.2597490856E-013   0.1243585191E-013
   0.3736830619E-013   0.8893523563E-014   0.6380538771E-010   0.4074625959E-010  -0.1739140047E-013  -0.2777135580E-013
   0.1269995104E-013  -0.4864551215E-013   0.6402093043E-010   0.3844372645E-010  -0.4242698856E-014  -0.5557603111E-014
  -0.4076796876E-013  -0.9074843235E-013   0.6395896265E-010   0.3609912732E-010  -0.5410095499E-014  -0.2182373099E-013
   0.5383343220E-013   0.7139487673E-013   0.6368856970E-010   0.3376399778E-010  -0.3025920432E-013  -0.4247377691E-014
  -0.4418572571E-013  -0.9813853649E-013   0.6308194811E-010   0.3116207654E-010  -0.8965352050E-014  -0.6180846195E-013
  -0.3540173208E-013  -0.1294738674E-012   0.6223508265E-010   0.2857838457E-010  -0.5868253763E-014  -0.3722858919E-013
  -0.8149265762E-013  -0.1545997179E-012   0.6119307474E-010   0.2595552380E-010  -0.1262380765E-013  -0.6639395121E-013
  -0.4421226191E-013  -0.9325431416E-013   0.5998955436E-010   0.2344969193E-010  -0.2104205877E-013  -0.2356717554E-013
  -0.1300975894E-012  -0.2043823027E-012   0.5852898623E-010   0.2088066505E-010  -0.3222380315E-014  -0.6522398394E-013
  -0.6248713807E-013  -0.1214869061E-012   0.5689866346E-010   0.1837500630E-010  -0.2026309441E-014  -0.2699175727E-013
  -0.4680797672E-013  -0.7338988053E-013   0.5514896872E-010   0.1589034703E-010   0.7912152101E-015  -0.2117341715E-013
  -0.6544067866E-013  -0.8858512278E-013   0.5329789894E-010   0.1353295996E-010   0.6224691721E-014  -0.1769341636E-013
   0.1624136302E-013  -0.6418851070E-014   0.5132306396E-010   0.1127136378E-010   0.7250293087E-015   0.2313595524E-013
  -0.5116820931E-014  -0.1200003334E-013   0.4936892169E-010   0.9209733697E-011   0.7888440881E-014   0.2812974384E-013
  -0.4000136747E-013  -0.4774319342E-013   0.4731351318E-010   0.7151028312E-011   0.2156871916E-014  -0.5122322534E-014
   0.7703990561E-013   0.1421635921E-013   0.4519214886E-010   0.5260512443E-011  -0.1605258140E-013   0.4008068364E-013
  -0.7802964209E-013  -0.9354860793E-013   0.4300400764E-010   0.3446348223E-011   0.1047295005E-013  -0.3380675154E-013
   0.1332485770E-013  -0.2807795393E-013   0.4089683159E-010   0.1847952775E-011   0.2013033431E-013   0.6005962832E-014
  -0.1664502414E-013  -0.4572283286E-013   0.3880584536E-010   0.3500347238E-012   0.2270457954E-013  -0.1422789437E-013
  -0.2719049289E-013  -0.5184776341E-013   0.3668582472E-010  -0.1031888563E-011   0.4650900184E-014  -0.3681810780E-013
   0.1844175155E-013  -0.3808641969E-013   0.3463657305E-010  -0.2223827373E-011  -0.5858231449E-014  -0.3427829747E-013
   0.1635978523E-013  -0.2897750943E-013   0.3254549060E-010  -0.3385260911E-011   0.1772297709E-013  -0.6008008592E-014
   0.4631408131E-013  -0.5426806544E-014   0.3059311840E-010  -0.4300544687E-011   0.1986316782E-013   0.3648013791E-014
   0.1491865597E-013  -0.1902400528E-013   0.2863022440E-010  -0.5156368538E-011   0.2466854448E-013  -0.8314226711E-014
   0.3169350158E-013   0.4686408499E-014   0.2673645793E-010  -0.5958724885E-011   0.2059789501E-013   0.5845584864E-015
   0.8329341459E-014  -0.8015889218E-014   0.2492622022E-010  -0.6606624716E-011   0.2761088340E-013   0.2220097674E-015
   0.6667088776E-014  -0.5193376478E-014   0.2318572041E-010  -0.7151769532E-011   0.1273045041E-013  -0.1755703303E-013
   0.1605960080E-013   0.5809579009E-014   0.2148381959E-010  -0.7636710747E-011   0.1766650373E-013  -0.1265657491E-013
   0.2455264898E-013   0.4979763663E-014   0.1992264081E-010  -0.7955259996E-011   0.2395146238E-013   0.1604243942E-013
   0.1842035354E-013   0.1005103079E-013   0.1838711736E-010  -0.8243323225E-011   0.1209341755E-013   0.4187788563E-015
   0.2003758068E-013   0.9462875959E-014   0.1693782885E-010  -0.8474239378E-011   0.3858108528E-014  -0.1008317293E-013
   0.1553358116E-013   0.1270322526E-013   0.1553342247E-010  -0.8637206309E-011   0.8765928394E-014   0.3697572110E-014
   0.2202734686E-013   0.5605461750E-014   0.1422622338E-010  -0.8707492149E-011  -0.2238006257E-014  -0.1522874269E-014
   0.1474665263E-013   0.1466935729E-013   0.1295907667E-010  -0.8740276299E-011   0.1126948730E-013   0.6242895879E-014
   0.1919918719E-013   0.4364363090E-014   0.1180236343E-010  -0.8706217666E-011   0.1591398617E-013   0.1399550493E-013
   0.3607496920E-014   0.6867399518E-014   0.1070537704E-010  -0.8647903118E-011   0.1466596086E-014  -0.3365016922E-014
  -0.5730488349E-014   0.7010188585E-014   0.9715550618E-011  -0.8527157457E-011   0.2840548741E-014  -0.1804768550E-014
  -0.5861348326E-014   0.9934646643E-014   0.8762612169E-011  -0.8376844011E-011   0.1119415718E-013  -0.8139643787E-015
  -0.2647207145E-014   0.1679624781E-013   0.7841455538E-011  -0.8226947227E-011   0.1611662793E-013   0.1361698594E-014
  -0.4270300254E-014   0.9171474603E-014   0.7029988531E-011  -0.8034206590E-011   0.6705727497E-014  -0.4302777897E-014
  -0.1404131290E-014   0.5487969535E-014   0.6240025625E-011  -0.7812074873E-011   0.9118848388E-014   0.1596340187E-014
  -0.2600156317E-016   0.2116217556E-014   0.5522871254E-011  -0.7582899467E-011  -0.3288090002E-014  -0.2032422878E-014
  -0.3387540886E-014   0.9885329280E-014   0.4853580816E-011  -0.7329349587E-011  -0.1189862972E-014  -0.7614797710E-014
  -0.5734173810E-014   0.9304370182E-014   0.4234178586E-011  -0.7074431480E-011  -0.8150872143E-014  -0.1275199191E-013
