  -0.3276307174E-015   0.1923495589E-013  -0.1262448965E-010   0.5266372901E-011  -0.1602766624E-014  -0.7627920607E-014
   0.1259866941E-013   0.1729402250E-013  -0.1372000296E-010   0.5020168139E-011  -0.3022146061E-015  -0.6048668386E-014
   0.6308876923E-014   0.2029921335E-013  -0.1489506975E-010   0.4698891170E-011   0.9296876877E-014  -0.4902919067E-014
   0.1567944742E-013   0.2033340468E-013  -0.1610582118E-010   0.4312508109E-011   0.6745520507E-014  -0.4337958917E-014
   0.9033299474E-014   0.1822174903E-013  -0.1736873437E-010   0.3849940807E-011   0.4700378327E-014  -0.5857449385E-014
   0.8715406293E-014   0.1668392182E-013  -0.1869369349E-010   0.3305870613E-011   0.4180502177E-014  -0.3989024654E-014
   0.3620971171E-014   0.1464486105E-013  -0.2012260328E-010   0.2649280515E-011   0.4171734959E-014  -0.4416355100E-014
   0.5073729012E-014   0.1695090593E-013  -0.2158736059E-010   0.1895565964E-011   0.1200258878E-013   0.1668192652E-015
   0.5823914500E-014   0.1630168872E-013  -0.2309240256E-010   0.1043843750E-011  -0.9312716950E-015  -0.6711936565E-014
   0.5720431466E-014   0.1114376577E-013  -0.2465168243E-010   0.7531750061E-013   0.4785188664E-014  -0.3388494079E-014
  -0.7746435200E-014   0.1015073369E-013  -0.2628011767E-010  -0.1025219292E-011   0.4946037996E-014  -0.2142204987E-014
  -0.1062186933E-013   0.2466525471E-015  -0.2795055439E-010  -0.2266117754E-011   0.8523241557E-014   0.8664871611E-015
  -0.1097177704E-013   0.3981241425E-014  -0.2963610852E-010  -0.3614839790E-011   0.1590362971E-013   0.8971266305E-014
   0.5693294998E-014   0.1316273357E-013  -0.3139745994E-010  -0.5149866759E-011   0.1363742799E-013   0.8414114583E-014
  -0.4811879159E-014   0.1090722379E-013  -0.3315883647E-010  -0.6801216547E-011   0.5689178547E-014   0.1539822605E-014
   0.8559197239E-015   0.1259007234E-013  -0.3497548557E-010  -0.8646593557E-011   0.1924505461E-013   0.1258423706E-013
  -0.7426447791E-014   0.1242982767E-013  -0.3675224720E-010  -0.1059244720E-010   0.2447453259E-013   0.1813771505E-013
  -0.7504228322E-015   0.1158129368E-013  -0.3860761912E-010  -0.1277765794E-010   0.1298828802E-014  -0.2774274709E-014
  -0.1471907248E-013   0.7262200815E-014  -0.4040974610E-010  -0.1506940615E-010   0.3243907733E-013   0.3764971356E-013
   0.1573996269E-013   0.1846230380E-013  -0.4215275752E-010  -0.1746341478E-010   0.5792631794E-014   0.6072263039E-014
  -0.6942292638E-014  -0.2669628705E-014  -0.4396792385E-010  -0.2012946327E-010   0.1564199542E-013   0.2492691109E-013
  -0.4618209994E-014   0.3425398790E-014  -0.4567641254E-010  -0.2286351842E-010   0.2365041534E-013   0.3555837177E-013
   0.1137818311E-013   0.2596672545E-013  -0.4735072633E-010  -0.2575678395E-010   0.9433989654E-014   0.2131338293E-013
   0.1911737767E-013   0.1470237822E-013  -0.4898165559E-010  -0.2881054103E-010  -0.4701450062E-014  -0.7064104894E-014
  -0.1326750092E-013  -0.6349407339E-014  -0.5049067358E-010  -0.3191094658E-010   0.1685181524E-014   0.2168094617E-014
   0.4355257412E-014   0.8403843483E-014  -0.5196142270E-010  -0.3519632388E-010   0.9536609144E-015  -0.1053897106E-013
  -0.1909496973E-013  -0.6706430226E-014  -0.5326147512E-010  -0.3839512182E-010  -0.6488509409E-014  -0.1327636183E-013
   0.1141756312E-013   0.1721413934E-013  -0.5443518259E-010  -0.4162264998E-010  -0.7535787047E-014  -0.1801376151E-013
  -0.1814720000E-013   0.1655218769E-013  -0.5547541708E-010  -0.4479366126E-010   0.5098180310E-014  -0.1005077231E-013
   0.3496549920E-013   0.7790892511E-013  -0.5639539779E-010  -0.4798822196E-010   0.4130774535E-014  -0.1664119932E-013
  -0.2630488210E-013   0.5504784068E-013  -0.5716012668E-010  -0.5113290246E-010   0.2546112096E-013   0.9610506735E-014
  -0.3578051713E-013   0.3251053921E-013  -0.5771965789E-010  -0.5396265365E-010   0.1551382202E-013  -0.7153179794E-014
   0.9821245945E-014   0.9904091078E-013  -0.5810249259E-010  -0.5656361881E-010   0.2014630439E-013   0.1577314614E-013
  -0.3357453687E-013   0.3870393071E-013  -0.5829684345E-010  -0.5889956988E-010   0.1135651949E-013  -0.4451336764E-014
   0.1556895572E-014   0.8002661451E-013  -0.5829153495E-010  -0.6089222144E-010   0.8199213322E-014  -0.5731568980E-014
   0.6640747063E-014   0.8844319687E-013  -0.5807116241E-010  -0.6239418243E-010   0.1300520730E-013   0.3696742019E-014
   0.1606402850E-013   0.1022596264E-012  -0.5761626526E-010  -0.6346476014E-010   0.1991030143E-013   0.4040538825E-013
  -0.6692138376E-014   0.6896901445E-013  -0.5692161846E-010  -0.6376494148E-010   0.2435185424E-013   0.1796983983E-013
   0.2088804509E-013   0.9068838822E-013  -0.5607263396E-010  -0.6372924359E-010   0.1931724917E-013   0.3491990437E-014
   0.1055827737E-013   0.7102703527E-013  -0.5495850040E-010  -0.6292486796E-010   0.2368050447E-013   0.4420969229E-013
   0.5941239327E-013   0.7798792744E-013  -0.5359974729E-010  -0.6143384504E-010   0.7631254789E-014  -0.4881765108E-014
  -0.2392233290E-013  -0.2265970501E-013  -0.5202058286E-010  -0.5934132155E-010  -0.1318107453E-014  -0.2122340181E-013
   0.7424262148E-014   0.2802092149E-013  -0.5019823710E-010  -0.5653222309E-010   0.6756078882E-014  -0.1640082053E-013
  -0.1135048073E-013   0.2823881470E-014  -0.4817500567E-010  -0.5319365647E-010  -0.4264037630E-014  -0.2157106625E-013
   0.9893443606E-013   0.1140766791E-012  -0.4590788142E-010  -0.4918936085E-010  -0.3554347971E-014  -0.1237174800E-013
  -0.7689530084E-014  -0.2831504522E-013  -0.4334804103E-010  -0.4457092286E-010  -0.1739776295E-013  -0.1680984164E-013
   0.2449022790E-013   0.8802624377E-014  -0.4054709807E-010  -0.3946305157E-010  -0.2956874679E-014   0.9435237625E-014
   0.3975960393E-013   0.5492824946E-014  -0.3755252723E-010  -0.3401696287E-010  -0.2487038947E-014  -0.2229424220E-013
   0.7024073951E-013   0.4543439966E-013  -0.3440481135E-010  -0.2835314295E-010   0.8285149234E-014  -0.1646453688E-013
   0.2807369369E-013  -0.1946472305E-013  -0.3093872984E-010  -0.2230821592E-010   0.1351518460E-014  -0.1689227405E-013
   0.2880386705E-013  -0.1606103117E-013  -0.2717343710E-010  -0.1596012343E-010  -0.6595843981E-014  -0.2908689847E-013
   0.8744495266E-013   0.6409661829E-013  -0.2332304938E-010  -0.9746127585E-011  -0.8950719336E-016  -0.3693878213E-013
   0.5635839615E-013   0.1560628930E-013  -0.1925381020E-010  -0.3488453180E-011   0.5717652723E-014  -0.3857636733E-013
   0.4448070412E-013   0.1923153634E-013  -0.1500260963E-010   0.2671211665E-011   0.2351129929E-013  -0.2018846874E-013
   0.2217032236E-013  -0.2400152872E-014  -0.1074613159E-010   0.8505448648E-011   0.7830496960E-014  -0.5067960911E-013
   0.3671049260E-013   0.1545526197E-013  -0.6244740953E-011   0.1422707435E-010  -0.5481877132E-014  -0.6290518823E-013
   0.4477495300E-013   0.2087469156E-013  -0.1659782225E-011   0.1971122042E-010   0.1330730276E-013  -0.5628201874E-013
  -0.3880944879E-014  -0.1921837210E-013   0.2990715187E-011   0.2481659466E-010   0.1160000752E-013  -0.4885345144E-013
   0.5969157380E-013   0.3523637922E-013   0.7680671234E-011   0.2954456171E-010  -0.7469373008E-014  -0.5842860815E-013
  -0.2146986758E-014  -0.1774897171E-013   0.1225114452E-010   0.3376781266E-010  -0.1473312478E-013  -0.5922598288E-013
   0.1178151997E-013  -0.1364588112E-013   0.1694188213E-010   0.3776445918E-010  -0.1980504355E-013  -0.3884602983E-013
  -0.1034703820E-013  -0.2876522270E-013   0.2144190346E-010   0.4110250073E-010  -0.3222790398E-013  -0.3450807094E-013
   0.3289698084E-014  -0.1145060442E-013   0.2587789045E-010   0.4407892079E-010  -0.2791449112E-013  -0.2452775714E-013
   0.6804320819E-013   0.4885358598E-013   0.3018865260E-010   0.4664338454E-010  -0.1372168905E-013  -0.5559933829E-015
  -0.1940930572E-013  -0.2531440593E-013   0.3441354865E-010   0.4879107761E-010  -0.1881205113E-013   0.3333779744E-014
   0.7110684441E-014  -0.5684362833E-015   0.3833038909E-010   0.5036927562E-010  -0.3157107319E-013   0.1135954607E-013
   0.3756218517E-013   0.2654180888E-013   0.4218055209E-010   0.5162714938E-010  -0.2971194704E-013  -0.9285700698E-014
   0.2868290567E-013   0.1987179422E-013   0.4564545933E-010   0.5242635283E-010  -0.2079285115E-013  -0.1161846347E-013
   0.5996581452E-013   0.4038292769E-013   0.4896045994E-010   0.5281462034E-010  -0.3752292998E-013  -0.2707665482E-013
   0.4391993890E-013   0.4915136781E-013   0.5196935023E-010   0.5284410673E-010  -0.3722672825E-013  -0.4734305598E-013
   0.2615658979E-013   0.4018842639E-013   0.5466953986E-010   0.5239451752E-010  -0.2971931209E-013  -0.3337336828E-013
   0.1707259497E-013   0.3593524835E-013   0.5713963576E-010   0.5178301549E-010  -0.1082580866E-013  -0.1159781908E-013
   0.5620607515E-013   0.5805203588E-013   0.5928114171E-010   0.5074049145E-010  -0.2333542480E-013  -0.2236094991E-014
   0.5135029803E-013   0.4682651830E-013   0.6102536957E-010   0.4949795861E-010  -0.3479341486E-013  -0.3304309335E-013
  -0.2745415489E-013   0.2352083238E-013   0.6251085315E-010   0.4792922764E-010  -0.3004317213E-013  -0.3852116137E-013
  -0.3244758527E-013  -0.1401508643E-013   0.6367070521E-010   0.4617019712E-010  -0.1750877583E-013  -0.2060353839E-013
  -0.1101481581E-013  -0.1896415131E-013   0.6453928826E-010   0.4415249887E-010  -0.3097646757E-013  -0.2385578864E-013
  -0.4113206474E-014  -0.3466600978E-013   0.6506383498E-010   0.4201928857E-010  -0.1184610114E-013   0.1813894155E-014
  -0.2253051233E-013  -0.5339071064E-013   0.6527831756E-010   0.3964174617E-010  -0.3006642558E-013  -0.2358624228E-013
  -0.4577711238E-013  -0.7745877908E-013   0.6520035774E-010   0.3720194113E-010  -0.2256944761E-013  -0.1340757204E-013
  -0.8203028467E-014  -0.3820187150E-013   0.6487671138E-010   0.3472629778E-010  -0.4816768998E-013  -0.3645693361E-013
  -0.6267341315E-013  -0.9006004400E-013   0.6425612413E-010   0.3211058996E-010  -0.2878154543E-013  -0.3142925297E-013
  -0.1318331436E-013  -0.6158699130E-013   0.6337492776E-010   0.2942238857E-010  -0.1131002020E-013  -0.1838589311E-014
  -0.2725227291E-013  -0.5912947410E-013   0.6226233817E-010   0.2669349455E-010  -0.3092676461E-014   0.2433848028E-015
  -0.4717633837E-013  -0.5481279038E-013   0.6096699623E-010   0.2404338158E-010  -0.4356774917E-013  -0.3207231799E-013
  -0.3950133121E-013  -0.5811254421E-013   0.5945924122E-010   0.2137377490E-010   0.3135827857E-013   0.4249072707E-013
  -0.1433771556E-013  -0.3022283303E-013   0.5780068048E-010   0.1876654242E-010   0.8934996608E-014   0.6706853261E-014
  -0.8828272268E-014  -0.1989034287E-013   0.5593579516E-010   0.1615842027E-010   0.9412498563E-014   0.9018044999E-014
  -0.8547104276E-016  -0.1240044615E-013   0.5399518743E-010   0.1371532152E-010   0.6500236626E-014   0.8971717799E-014
   0.5141757788E-013   0.1918397854E-013   0.5197096315E-010   0.1139852926E-010   0.4233758374E-014   0.7231314052E-014
   0.2525027877E-014  -0.7303474046E-015   0.4990929543E-010   0.9212981771E-011  -0.8190238631E-015  -0.2420597223E-015
  -0.4640340085E-014  -0.1187660459E-014   0.4777848602E-010   0.7141623631E-011   0.1065124756E-013   0.7054887202E-014
   0.3840214975E-013   0.1697331259E-013   0.4555754422E-010   0.5166392925E-011  -0.8827941097E-014  -0.7117503804E-014
  -0.1970394824E-013  -0.1894781371E-013   0.4329479099E-010   0.3299732766E-011   0.2014661384E-013   0.9107668232E-014
   0.2491795267E-013  -0.5772939360E-014   0.4114175922E-010   0.1672285452E-011   0.8447132556E-014   0.1543651886E-014
   0.2100562083E-013  -0.9887076508E-014   0.3895123365E-010   0.1474106263E-012   0.2343410916E-013   0.9507548772E-014
   0.8275047754E-014  -0.9463126238E-014   0.3675908122E-010  -0.1250917252E-011  -0.5085290830E-014  -0.7427960789E-014
   0.2546340250E-013  -0.6321193221E-014   0.3463087144E-010  -0.2500456526E-011  -0.1009490772E-013  -0.7939925651E-014
   0.1887471517E-013  -0.6711192930E-014   0.3248608303E-010  -0.3637463925E-011   0.2709447045E-014  -0.1549540888E-014
   0.4186410126E-013   0.1187335592E-014   0.3047782993E-010  -0.4615811878E-011   0.9963313237E-014   0.4549907344E-015
   0.1903223139E-013  -0.5663387023E-014   0.2846273555E-010  -0.5491969583E-011   0.1820674507E-013   0.5843123689E-014
   0.2662533873E-013   0.8748542804E-014   0.2652473564E-010  -0.6244354586E-011   0.5489540729E-014   0.3089965741E-015
   0.2634323418E-013   0.1879390528E-014   0.2467272858E-010  -0.6883558574E-011   0.2232992884E-013   0.8900028945E-014
   0.1701364066E-013   0.2912772578E-014   0.2288031256E-010  -0.7424144490E-011   0.2162750160E-015   0.1356576537E-014
   0.2214356153E-013   0.3479905372E-014   0.2115969747E-010  -0.7863558602E-011   0.1000969865E-013   0.4664777769E-014
   0.2437653619E-013   0.5290740448E-014   0.1955512891E-010  -0.8204463150E-011   0.9263332883E-014   0.6275756652E-014
   0.1979962713E-013   0.7054214478E-014   0.1800430740E-010  -0.8472297250E-011   0.1300651741E-013   0.5839157035E-014
   0.2359953963E-013   0.2791999327E-014   0.1653163110E-010  -0.8661834259E-011   0.8912867135E-014   0.4518309655E-014
   0.1900781804E-013   0.6977668994E-014   0.1514513410E-010  -0.8783557659E-011   0.1072893047E-013   0.4388136694E-014
   0.2556185121E-013   0.3797655278E-014   0.1382317557E-010  -0.8842296755E-011  -0.1348661951E-014   0.3346095478E-014
   0.2658604628E-013   0.4333348596E-014   0.1254682119E-010  -0.8845860322E-011   0.9260670333E-014   0.1656143561E-014
   0.3099968118E-013  -0.4204914134E-015   0.1139015179E-010  -0.8798451372E-011   0.5471669420E-014   0.2406170684E-014
   0.1596538537E-013   0.3726065763E-014   0.1029503919E-010  -0.8708744078E-011   0.1807215983E-014   0.2624045829E-014
   0.1223996147E-013   0.5259449580E-014   0.9294196538E-011  -0.8583866439E-011   0.3462114234E-014   0.2415174896E-014
   0.5496749388E-014   0.2692961461E-014   0.8331378897E-011  -0.8420413678E-011   0.8358541569E-014   0.1326517034E-014
   0.5991778925E-014   0.4412063743E-014   0.7426585347E-011  -0.8227992176E-011   0.8777781776E-014  -0.9178354134E-016
   0.9001656312E-014   0.4221766848E-014   0.6618085012E-011  -0.8018912783E-011   0.1756533145E-014   0.1000077248E-014
   0.8833133134E-014   0.2817651805E-014   0.5837684042E-011  -0.7781056098E-011   0.2815042359E-014   0.5128999367E-015
   0.7935812454E-014   0.3800458860E-014   0.5133956663E-011  -0.7531826874E-011  -0.4554182010E-014   0.2482630315E-014
   0.4345560219E-014   0.3317265877E-014   0.4482417521E-011  -0.7267320960E-011  -0.9307924670E-015   0.1147346593E-015
  -0.2989362656E-016   0.4694923113E-014   0.3881111413E-011  -0.6991522033E-011  -0.2663794796E-014  -0.1519434498E-015
