   0.7371188091E-014   0.3158475216E-014  -0.9635103926E-017   0.1221733976E-016  -0.1718699507E-013  -0.6492225376E-014
   0.7775587747E-014   0.3736843489E-014  -0.6315344481E-017   0.1107856434E-016  -0.1788977958E-013  -0.7701781423E-014
   0.8164880388E-014   0.4333214905E-014  -0.1780409475E-016  -0.2064822570E-017  -0.1859543722E-013  -0.9063318462E-014
   0.8574972791E-014   0.5016986349E-014  -0.1012189900E-017   0.1810395588E-016  -0.1924679778E-013  -0.1051203816E-013
   0.8967029436E-014   0.5724022928E-014  -0.1929762390E-017   0.1812787487E-016  -0.1985771366E-013  -0.1207341711E-013
   0.9390936661E-014   0.6554976866E-014  -0.4068141412E-018   0.1578062725E-016  -0.2037789501E-013  -0.1367399558E-013
   0.9812521114E-014   0.7448926274E-014  -0.3391100656E-017   0.1045298187E-016  -0.2087372206E-013  -0.1548489242E-013
   0.1022294995E-013   0.8401560340E-014  -0.6132459393E-018   0.9738019666E-017  -0.2126757072E-013  -0.1735621395E-013
   0.1062383571E-013   0.9414302863E-014   0.3287802557E-018   0.2011142778E-016  -0.2156951448E-013  -0.1934684801E-013
   0.1102493815E-013   0.1053480398E-013   0.3625747839E-018   0.4810322543E-017  -0.2174038534E-013  -0.2137432498E-013
   0.1143230365E-013   0.1179764286E-013  -0.6925762302E-017  -0.1203480377E-016  -0.2181679513E-013  -0.2360568574E-013
   0.1181856406E-013   0.1309405803E-013  -0.9130351902E-017  -0.2883817047E-016  -0.2174150436E-013  -0.2590041137E-013
   0.1219594005E-013   0.1455347500E-013  -0.8164157217E-017  -0.5491055258E-016  -0.2150940834E-013  -0.2822144991E-013
   0.1255702736E-013   0.1602464723E-013  -0.1145683053E-016  -0.2711786996E-016  -0.2107277574E-013  -0.3060320539E-013
   0.1289383021E-013   0.1771132897E-013  -0.2576217889E-016  -0.1138905803E-016  -0.2045175970E-013  -0.3296989048E-013
   0.1321932697E-013   0.1951283311E-013  -0.1776427144E-016  -0.2477112741E-016  -0.1955910124E-013  -0.3531985454E-013
   0.1348904342E-013   0.2138592412E-013  -0.2391519935E-016  -0.2610587087E-016  -0.1846649398E-013  -0.3763743010E-013
   0.1378241901E-013   0.2348764370E-013  -0.4264613286E-016   0.3743102539E-017  -0.1708239348E-013  -0.3977844061E-013
   0.1399898340E-013   0.2563226224E-013  -0.2047983765E-016  -0.4871248392E-016  -0.1542705699E-013  -0.4174974403E-013
   0.1420868281E-013   0.2787339632E-013  -0.2218179259E-016  -0.2946518820E-017  -0.1349622801E-013  -0.4354621115E-013
   0.1435184065E-013   0.3041267347E-013  -0.2514993312E-016  -0.6149713156E-016  -0.1120057800E-013  -0.4506958096E-013
   0.1447319288E-013   0.3286138373E-013  -0.2154309101E-016  -0.4459796511E-016  -0.8622988600E-014  -0.4643307172E-013
   0.1452343532E-013   0.3564749612E-013  -0.4612152063E-016   0.1190015494E-016  -0.5705329453E-014  -0.4728984622E-013
   0.1454609623E-013   0.3849438530E-013  -0.4662516023E-016   0.4695775875E-016  -0.2380256858E-014  -0.4758218033E-013
   0.1456715949E-013   0.4152964170E-013  -0.3818491043E-016   0.4662909233E-017   0.1240940451E-014  -0.4728555208E-013
   0.1446655074E-013   0.4459406577E-013  -0.5171915958E-016   0.6376512679E-017   0.5362378039E-014  -0.4614688185E-013
   0.1433472293E-013   0.4774098904E-013  -0.5344735325E-016  -0.1765991230E-016   0.9725034352E-014  -0.4427206662E-013
   0.1423607319E-013   0.5106432459E-013  -0.2471402247E-016   0.5377260566E-016   0.1439920065E-013  -0.4147260061E-013
   0.1396312205E-013   0.5420782325E-013  -0.3291854203E-016   0.1165136035E-016   0.1935970913E-013  -0.3768220902E-013
   0.1368044012E-013   0.5748774796E-013  -0.2859127186E-016   0.1887204658E-016   0.2473177631E-013  -0.3257318688E-013
   0.1342459760E-013   0.6078280398E-013  -0.4038314409E-017   0.1464054740E-015   0.3039681784E-013  -0.2617093839E-013
   0.1307201972E-013   0.6360506626E-013  -0.3773095458E-016   0.6988033469E-016   0.3630901752E-013  -0.1847625085E-013
   0.1271511666E-013   0.6639632905E-013   0.2366111223E-016   0.2489642395E-015   0.4246725967E-013  -0.9260213486E-014
   0.1243667715E-013   0.6919945739E-013  -0.2691040754E-016   0.6266503249E-016   0.4878553213E-013   0.1329132464E-014
   0.1210846932E-013   0.7145734377E-013  -0.1898435065E-016   0.1415389484E-015   0.5527824796E-013   0.1326213129E-013
   0.1174191122E-013   0.7302161160E-013   0.1269316065E-016   0.1900178783E-015   0.6194675283E-013   0.2672509331E-013
   0.1159574983E-013   0.7480345457E-013   0.9966992224E-017   0.1071696402E-015   0.6881747912E-013   0.4205161476E-013
   0.1124287047E-013   0.7483728562E-013   0.2633029548E-016   0.1887943359E-015   0.7550445273E-013   0.5722796649E-013
   0.1124296485E-013   0.7545811773E-013   0.2843074963E-016   0.2148497668E-015   0.8238807449E-013   0.7376709725E-013
   0.1115290578E-013   0.7458804495E-013   0.6936852893E-016   0.3902228491E-015   0.8925846777E-013   0.9051006600E-013
   0.1112175238E-013   0.7287013709E-013  -0.2184234459E-016  -0.1664946079E-015   0.9623628614E-013   0.1079960579E-012
   0.1125272905E-013   0.7066868938E-013   0.3682653381E-017  -0.9175073673E-016   0.1032554224E-012   0.1255926067E-012
   0.1150899187E-013   0.6795564828E-013   0.5975163968E-016   0.1248474624E-015   0.1102443078E-012   0.1422491442E-012
   0.1174125846E-013   0.6420164511E-013   0.2173370032E-016   0.2358594841E-017   0.1171567587E-012   0.1579898600E-012
   0.1188388933E-013   0.5928696345E-013   0.3218220220E-016   0.4469030198E-016   0.1241343889E-012   0.1729306047E-012
   0.1228054816E-013   0.5463487746E-013  -0.1563933916E-016  -0.2455731656E-015   0.1310068817E-012   0.1864935318E-012
   0.1242853786E-013   0.4841242969E-013  -0.2067567760E-016  -0.5180166485E-016   0.1377377995E-012   0.1983757666E-012
   0.1273270465E-013   0.4247937745E-013   0.5195658098E-016  -0.1800473852E-015   0.1443380585E-012   0.2081370717E-012
   0.1285658537E-013   0.3575550972E-013   0.1547451184E-015   0.9691830932E-016   0.1503923447E-012   0.2152446081E-012
   0.1298693361E-013   0.2909546893E-013  -0.8724579888E-016  -0.2713567369E-015   0.1565516311E-012   0.2207209798E-012
   0.1277261826E-013   0.2175995711E-013  -0.8671561981E-016  -0.3085298939E-015   0.1622487480E-012   0.2234728126E-012
   0.1256275415E-013   0.1471698383E-013   0.4850768003E-016   0.6440687255E-016   0.1676430722E-012   0.2250478585E-012
   0.1225153067E-013   0.7687625921E-014   0.8055779482E-016   0.1917627539E-016   0.1723696201E-012   0.2238771113E-012
   0.1171077642E-013   0.6103386724E-015  -0.3459785785E-016  -0.4977394060E-016   0.1763653070E-012   0.2205308772E-012
   0.1103174392E-013  -0.5980651189E-014   0.2882886069E-016  -0.1586077854E-015   0.1798324135E-012   0.2160193129E-012
   0.1012272119E-013  -0.1203827999E-013   0.9036003476E-017  -0.4315353337E-016   0.1825433510E-012   0.2097088038E-012
   0.9074781626E-014  -0.1865827287E-013   0.1049608962E-015  -0.1248962447E-017   0.1846497205E-012   0.2024575611E-012
   0.7794449113E-014  -0.2433942391E-013   0.4788459033E-017  -0.2793347319E-016   0.1858378328E-012   0.1937302114E-012
   0.6445554943E-014  -0.2980625521E-013   0.7002259370E-016   0.1407838836E-016   0.1861291546E-012   0.1838519223E-012
   0.5073527168E-014  -0.3453721022E-013   0.4886600654E-016  -0.4328113734E-016   0.1855924293E-012   0.1732777224E-012
   0.3384388595E-014  -0.3970297780E-013  -0.9807312470E-017  -0.2616459484E-015   0.1842288288E-012   0.1622646107E-012
   0.1760781831E-014  -0.4319409282E-013  -0.4436983032E-016  -0.4698032723E-015   0.1819259096E-012   0.1503534239E-012
  -0.1003131836E-015  -0.4702816645E-013  -0.2480350504E-016  -0.1065243606E-015   0.1789068517E-012   0.1383474521E-012
  -0.2013833568E-014  -0.5061310589E-013  -0.1604327046E-016  -0.1522421763E-015   0.1751646806E-012   0.1263969490E-012
  -0.3989153823E-014  -0.5358897839E-013  -0.3266658714E-016  -0.1308340388E-015   0.1706744308E-012   0.1140738899E-012
  -0.5917416338E-014  -0.5597493923E-013  -0.1043907660E-016  -0.1152653122E-015   0.1653634186E-012   0.1017196830E-012
  -0.7922112095E-014  -0.5799289355E-013   0.1527653468E-016  -0.3547170199E-016   0.1594144225E-012   0.8953345957E-013
  -0.9862945583E-014  -0.5969356391E-013   0.5889018923E-016   0.1016427185E-015   0.1531401015E-012   0.7845493283E-013
  -0.1190301357E-013  -0.6129969749E-013   0.4161030576E-016   0.2619624694E-016   0.1458722791E-012   0.6652549316E-013
  -0.1381438351E-013  -0.6224692843E-013   0.1785423165E-015   0.3920904688E-015   0.1382157666E-012   0.5518020176E-013
  -0.1547399825E-013  -0.6240881053E-013   0.9325892420E-016   0.2517124734E-015   0.1302478633E-012   0.4458057962E-013
  -0.1708413974E-013  -0.6252458139E-013   0.3703253498E-016   0.1704634004E-015   0.1220569829E-012   0.3452109675E-013
  -0.1872006441E-013  -0.6235821497E-013  -0.1001583789E-015  -0.3837929089E-016   0.1132883015E-012   0.2467056733E-013
  -0.2027599901E-013  -0.6207585265E-013   0.6408200350E-016   0.2134940618E-015   0.1047416891E-012   0.1618842135E-013
  -0.2150684062E-013  -0.6116615499E-013   0.7124851438E-016   0.2175691870E-015   0.9575718560E-013   0.7758323868E-014
  -0.2263591170E-013  -0.6004694709E-013   0.5179232486E-017   0.7300526156E-016   0.8680147635E-013  -0.3453708558E-016
  -0.2385690843E-013  -0.5896653402E-013   0.4387156749E-016   0.1111493929E-015   0.7758641776E-013  -0.7388276965E-014
  -0.2480917354E-013  -0.5754197185E-013   0.1657773078E-017   0.3791372725E-016   0.6884010884E-013  -0.1376381960E-013
  -0.2536754531E-013  -0.5556330628E-013  -0.3515485042E-016  -0.7978449762E-016   0.5979136402E-013  -0.2001580208E-013
  -0.2593832116E-013  -0.5367939590E-013  -0.8544857449E-016  -0.1350895322E-015   0.5134600143E-013  -0.2512454681E-013
  -0.2648522269E-013  -0.5177536582E-013   0.6886353469E-016   0.1093279202E-015   0.4309456476E-013  -0.2958027515E-013
  -0.2672591829E-013  -0.4944673650E-013   0.4192401232E-017  -0.7591362591E-016   0.3533126622E-013  -0.3324938097E-013
  -0.2672059446E-013  -0.4699776046E-013  -0.1022744089E-015  -0.1395295076E-015   0.2776542069E-013  -0.3642639946E-013
  -0.2676074972E-013  -0.4456334849E-013  -0.1524523176E-015  -0.1782712081E-015   0.2069147670E-013  -0.3891436590E-013
  -0.2669893644E-013  -0.4218182051E-013  -0.1748461277E-017  -0.7463301760E-016   0.1416242268E-013  -0.4065695294E-013
  -0.2637628293E-013  -0.3958141937E-013  -0.2254319318E-015  -0.2038003624E-015   0.8096908996E-014  -0.4180845501E-013
  -0.2593720111E-013  -0.3703273544E-013  -0.8065942496E-016  -0.9240438174E-016   0.2484436521E-014  -0.4243935549E-013
  -0.2545100680E-013  -0.3448925305E-013  -0.6485797642E-016  -0.7050025472E-016  -0.2594386276E-014  -0.4246704983E-013
  -0.2498486595E-013  -0.3204800079E-013  -0.8945034152E-016  -0.9344695084E-016  -0.7069890478E-014  -0.4202049714E-013
  -0.2432265809E-013  -0.2963381273E-013  -0.7564508179E-017   0.1998596615E-016  -0.1091886985E-013  -0.4113624485E-013
  -0.2369138833E-013  -0.2737806837E-013  -0.2367871962E-017  -0.2354332015E-017  -0.1434927259E-013  -0.3992095626E-013
  -0.2300336428E-013  -0.2512557491E-013  -0.4866211711E-016  -0.2638711750E-016  -0.1719263364E-013  -0.3835894087E-013
  -0.2226104058E-013  -0.2296658641E-013   0.9043804529E-016   0.4511040063E-016  -0.1972740911E-013  -0.3663760349E-013
  -0.2142740660E-013  -0.2088975504E-013  -0.4662889338E-016  -0.4961856271E-016  -0.2180722488E-013  -0.3465047516E-013
  -0.2065649006E-013  -0.1900243400E-013   0.6330317904E-017   0.4420948267E-017  -0.2340779550E-013  -0.3258810966E-013
  -0.1988557244E-013  -0.1721871064E-013  -0.6258461308E-017  -0.5864331051E-017  -0.2466092258E-013  -0.3036159053E-013
  -0.1909157279E-013  -0.1551333540E-013   0.3422478059E-019  -0.2637612980E-016  -0.2562398360E-013  -0.2811402728E-013
  -0.1830650982E-013  -0.1393893864E-013   0.2157841905E-016  -0.2472637310E-016  -0.2630802920E-013  -0.2589202409E-013
  -0.1747476506E-013  -0.1241062892E-013   0.2252924915E-016  -0.1168872852E-016  -0.2669384491E-013  -0.2362634924E-013
  -0.1669902609E-013  -0.1108291135E-013   0.3564003930E-016   0.1483287687E-016  -0.2687886232E-013  -0.2147555677E-013
  -0.1590561869E-013  -0.9790463492E-014   0.2287531717E-016   0.1062246856E-016  -0.2683363029E-013  -0.1932024051E-013
  -0.1512404253E-013  -0.8559819585E-014   0.2576706533E-016   0.8446149258E-017  -0.2658972784E-013  -0.1724557617E-013
  -0.1437209577E-013  -0.7472599931E-014   0.2078014237E-016   0.1790166225E-016  -0.2619065830E-013  -0.1524412313E-013
  -0.1365249543E-013  -0.6492835061E-014   0.1033772676E-016  -0.5488432937E-017  -0.2565243700E-013  -0.1331747869E-013
  -0.1292837265E-013  -0.5568947254E-014   0.1357724324E-016   0.3769411601E-017  -0.2498129216E-013  -0.1148796731E-013
  -0.1223797580E-013  -0.4734396382E-014   0.2044001044E-016   0.1923930384E-016  -0.2427899458E-013  -0.9843977307E-014
  -0.1158014112E-013  -0.3999864207E-014   0.1802907211E-016   0.1968957307E-016  -0.2346688599E-013  -0.8264116833E-014
  -0.1090212321E-013  -0.3269019155E-014   0.1488149702E-016   0.1273792547E-016  -0.2258757458E-013  -0.6786866162E-014
  -0.1025876633E-013  -0.2630989423E-014   0.1489867806E-016   0.1779202270E-016  -0.2164366845E-013  -0.5406139930E-014
  -0.9644616329E-014  -0.2066656762E-014   0.6277522242E-017   0.5343807829E-017  -0.2069957777E-013  -0.4167408737E-014
  -0.9061149196E-014  -0.1564933614E-014   0.2224422922E-016   0.2462822605E-016  -0.1969065345E-013  -0.2994386011E-014
  -0.8499265713E-014  -0.1114916593E-014   0.2070062109E-016   0.2153203772E-016  -0.1872321442E-013  -0.1975440391E-014
  -0.7952848363E-014  -0.7057668936E-015   0.6249798355E-017   0.9971435097E-017  -0.1772199105E-013  -0.1033485248E-014
  -0.7451127764E-014  -0.3561909071E-015   0.5103236645E-017   0.1096022064E-016  -0.1677934877E-013  -0.2242427304E-015
  -0.6956640705E-014  -0.3927355870E-016   0.1377006299E-016   0.1426875984E-016  -0.1581725475E-013   0.5112515368E-015
  -0.6472110736E-014   0.2452049482E-015   0.2204571557E-016   0.1745062249E-016  -0.1482738588E-013   0.1187261735E-014
  -0.6034426209E-014   0.4814300691E-015   0.4065840759E-017   0.6999046291E-017  -0.1390459093E-013   0.1758051992E-014
  -0.5601342053E-014   0.6966406640E-015   0.8876040184E-017   0.9676420898E-017  -0.1299145560E-013   0.2261749646E-014
  -0.5191704026E-014   0.8800650992E-015  -0.1293252329E-017   0.5197330628E-017  -0.1210577044E-013   0.2695241017E-014
  -0.4806195050E-014   0.1035932381E-014   0.4247476351E-017   0.6114406778E-017  -0.1125109332E-013   0.3063366293E-014
  -0.4448666864E-014   0.1162029098E-014  -0.2178621383E-017   0.3379000347E-017  -0.1040211131E-013   0.3377888647E-014
